         0          1   0.295659   0.456384
      0.01    0.99257   0.363775   0.532419
      0.02    0.99257   0.364546   0.533245
      0.03   0.992335   0.369351   0.538332
      0.04   0.991866   0.387878   0.557673
      0.05   0.991358   0.408036   0.578121
      0.06   0.983419   0.446977   0.614607
      0.07   0.976341   0.477994   0.641785
      0.08   0.958275   0.526953   0.679985
      0.09   0.937784   0.562703   0.703363
       0.1   0.894572   0.625859    0.73647
      0.11   0.844126   0.685387    0.75652
      0.12   0.810926    0.72836   0.767429
      0.13   0.756335   0.780415   0.768187
      0.14    0.71504   0.812694   0.760746
      0.15   0.685085   0.855316   0.760795
      0.16   0.650829   0.879532   0.748091
      0.17   0.584858    0.90467   0.710431
      0.18   0.539418   0.919175    0.67986
      0.19   0.495346   0.935154   0.647641
       0.2   0.439152   0.935096   0.597635
      0.21   0.371539   0.944167   0.533242
      0.22   0.314915   0.950311   0.473065
      0.23   0.281245   0.957386   0.434771
      0.24   0.244603   0.965398   0.390313
      0.25   0.215196    0.96748    0.35208
      0.26   0.186024    0.97619   0.312498
      0.27   0.154427   0.977778   0.266727
      0.28    0.10926   0.977876   0.196558
      0.29  0.0894338   0.983871   0.163963
       0.3  0.0671438   0.985075   0.125718
      0.31  0.0484514   0.989011  0.0923773
      0.32  0.0378148   0.986667   0.072838
      0.33  0.0276865          1  0.0538813
      0.34  0.0220163          1   0.043084
      0.35  0.0120444          1  0.0238022
      0.36 0.00473174          1 0.00941891
      0.37  0.0021899          1 0.00437022
      0.38          0          0          0
      0.39          0          0          0
       0.4          0          0          0
      0.41          0          0          0
      0.42          0          0          0
      0.43          0          0          0
      0.44          0          0          0
      0.45          0          0          0
      0.46          0          0          0
      0.47          0          0          0
      0.48          0          0          0
      0.49          0          0          0
       0.5          0          0          0
      0.51          0          0          0
      0.52          0          0          0
      0.53          0          0          0
      0.54          0          0          0
      0.55          0          0          0
      0.56          0          0          0
      0.57          0          0          0
      0.58          0          0          0
      0.59          0          0          0
       0.6          0          0          0
      0.61          0          0          0
      0.62          0          0          0
      0.63          0          0          0
      0.64          0          0          0
      0.65          0          0          0
      0.66          0          0          0
      0.67          0          0          0
      0.68          0          0          0
      0.69          0          0          0
       0.7          0          0          0
      0.71          0          0          0
      0.72          0          0          0
      0.73          0          0          0
      0.74          0          0          0
      0.75          0          0          0
      0.76          0          0          0
      0.77          0          0          0
      0.78          0          0          0
      0.79          0          0          0
       0.8          0          0          0
      0.81          0          0          0
      0.82          0          0          0
      0.83          0          0          0
      0.84          0          0          0
      0.85          0          0          0
      0.86          0          0          0
      0.87          0          0          0
      0.88          0          0          0
      0.89          0          0          0
       0.9          0          0          0
      0.91          0          0          0
      0.92          0          0          0
      0.93          0          0          0
      0.94          0          0          0
      0.95          0          0          0
      0.96          0          0          0
      0.97          0          0          0
      0.98          0          0          0
      0.99          0          0          0
