         0          1   0.296598   0.457502
      0.01   0.974323   0.537433   0.692749
      0.02   0.973885    0.54756   0.700992
      0.03   0.970223   0.573006   0.720494
      0.04   0.955653   0.634828   0.762883
      0.05   0.937659   0.678379    0.78722
      0.06   0.914889   0.752043   0.825512
      0.07   0.896855   0.796976   0.843971
      0.08   0.846616   0.851925   0.849263
      0.09   0.811704   0.889486   0.848817
       0.1   0.765088   0.933685    0.84102
      0.11   0.698328   0.963668   0.809817
      0.12   0.649124   0.978503   0.780486
      0.13   0.587102   0.984353   0.735517
      0.14   0.552468   0.987811   0.708617
      0.15   0.496298   0.992949   0.661809
      0.16   0.453981   0.994141   0.623319
      0.17   0.416242   0.995502   0.587032
      0.18   0.389132   0.995908   0.559608
      0.19   0.361346   0.995327   0.530205
       0.2   0.336704   0.994985   0.503143
      0.21   0.303702   0.994246    0.46528
      0.22   0.279538   0.993412   0.436304
      0.23   0.261903   0.992701   0.414459
      0.24   0.232006   0.991182   0.376002
      0.25   0.212341   0.989837    0.34967
      0.26   0.194307   0.987952   0.324745
      0.27    0.18125   0.986413   0.306231
      0.28   0.157006   0.982079   0.270731
      0.29   0.135629   0.976415   0.238174
       0.3  0.0919984      0.968   0.168028
      0.31  0.0686306   0.947368   0.127989
      0.32  0.0384156   0.930233  0.0737842
      0.33  0.0191481       0.85  0.0374525
      0.34  0.0121417   0.769231  0.0239061
      0.35 0.00302548        0.4 0.00600553
      0.36 0.00127389       0.25 0.00253485
      0.37 0.00127389       0.25 0.00253485
      0.38 0.00127389       0.25 0.00253485
      0.39          0          0          0
       0.4          0          0          0
      0.41          0          0          0
      0.42          0          0          0
      0.43          0          0          0
      0.44          0          0          0
      0.45          0          0          0
      0.46          0          0          0
      0.47          0          0          0
      0.48          0          0          0
      0.49          0          0          0
       0.5          0          0          0
      0.51          0          0          0
      0.52          0          0          0
      0.53          0          0          0
      0.54          0          0          0
      0.55          0          0          0
      0.56          0          0          0
      0.57          0          0          0
      0.58          0          0          0
      0.59          0          0          0
       0.6          0          0          0
      0.61          0          0          0
      0.62          0          0          0
      0.63          0          0          0
      0.64          0          0          0
      0.65          0          0          0
      0.66          0          0          0
      0.67          0          0          0
      0.68          0          0          0
      0.69          0          0          0
       0.7          0          0          0
      0.71          0          0          0
      0.72          0          0          0
      0.73          0          0          0
      0.74          0          0          0
      0.75          0          0          0
      0.76          0          0          0
      0.77          0          0          0
      0.78          0          0          0
      0.79          0          0          0
       0.8          0          0          0
      0.81          0          0          0
      0.82          0          0          0
      0.83          0          0          0
      0.84          0          0          0
      0.85          0          0          0
      0.86          0          0          0
      0.87          0          0          0
      0.88          0          0          0
      0.89          0          0          0
       0.9          0          0          0
      0.91          0          0          0
      0.92          0          0          0
      0.93          0          0          0
      0.94          0          0          0
      0.95          0          0          0
      0.96          0          0          0
      0.97          0          0          0
      0.98          0          0          0
      0.99          0          0          0
