         0          1   0.168956   0.289072
      0.01   0.953069   0.277059   0.429315
      0.02   0.950607   0.284732   0.438209
      0.03   0.944536   0.301153   0.456694
      0.04   0.930587   0.330988   0.488299
      0.05   0.914998   0.349293   0.505583
      0.06   0.892599   0.369939   0.523085
      0.07    0.86019   0.381162    0.52825
      0.08   0.824007   0.400258   0.538797
      0.09   0.797588   0.407394   0.539315
       0.1   0.766328    0.41739   0.540428
      0.11   0.724975   0.424081   0.535132
      0.12   0.686167   0.429266   0.528132
      0.13   0.651543   0.440305    0.52549
      0.14   0.628979    0.44633   0.522142
      0.15   0.581392   0.450288    0.50751
      0.16   0.547013   0.458747   0.499007
      0.17   0.493764   0.469634   0.481397
      0.18   0.462258   0.484118   0.472935
      0.19   0.439777   0.505022   0.470146
       0.2    0.41787   0.520298   0.463493
      0.21   0.373072   0.554604   0.446076
      0.22    0.32934   0.573816    0.41849
      0.23   0.301116   0.590444   0.398834
      0.24   0.245077   0.602837   0.348482
      0.25   0.209961   0.614706   0.313009
      0.26   0.175747   0.656904   0.277304
      0.27   0.145635   0.673797   0.239504
      0.28   0.106416   0.692308   0.184476
      0.29  0.0892681   0.642105   0.156745
       0.3  0.0434854        0.6  0.0810935
      0.31  0.0191172   0.689655  0.0372031
      0.32  0.0134559   0.727273  0.0264228
      0.33 0.00951756   0.866667  0.0188283
      0.34 0.00664588          1   0.013204
      0.35  0.0058254          1  0.0115833
      0.36          0          0          0
      0.37          0          0          0
      0.38          0          0          0
      0.39          0          0          0
       0.4          0          0          0
      0.41          0          0          0
      0.42          0          0          0
      0.43          0          0          0
      0.44          0          0          0
      0.45          0          0          0
      0.46          0          0          0
      0.47          0          0          0
      0.48          0          0          0
      0.49          0          0          0
       0.5          0          0          0
      0.51          0          0          0
      0.52          0          0          0
      0.53          0          0          0
      0.54          0          0          0
      0.55          0          0          0
      0.56          0          0          0
      0.57          0          0          0
      0.58          0          0          0
      0.59          0          0          0
       0.6          0          0          0
      0.61          0          0          0
      0.62          0          0          0
      0.63          0          0          0
      0.64          0          0          0
      0.65          0          0          0
      0.66          0          0          0
      0.67          0          0          0
      0.68          0          0          0
      0.69          0          0          0
       0.7          0          0          0
      0.71          0          0          0
      0.72          0          0          0
      0.73          0          0          0
      0.74          0          0          0
      0.75          0          0          0
      0.76          0          0          0
      0.77          0          0          0
      0.78          0          0          0
      0.79          0          0          0
       0.8          0          0          0
      0.81          0          0          0
      0.82          0          0          0
      0.83          0          0          0
      0.84          0          0          0
      0.85          0          0          0
      0.86          0          0          0
      0.87          0          0          0
      0.88          0          0          0
      0.89          0          0          0
       0.9          0          0          0
      0.91          0          0          0
      0.92          0          0          0
      0.93          0          0          0
      0.94          0          0          0
      0.95          0          0          0
      0.96          0          0          0
      0.97          0          0          0
      0.98          0          0          0
      0.99          0          0          0
