         0          1   0.337394   0.504555
      0.01   0.901887   0.385532    0.54016
      0.02   0.897822   0.391096   0.544852
      0.03   0.884087   0.403901   0.554482
      0.04   0.834581   0.444301    0.57989
      0.05   0.777288    0.47352   0.588518
      0.06   0.679774   0.534267     0.5983
      0.07   0.614394   0.579874   0.596635
      0.08   0.519276   0.648315   0.576665
      0.09   0.475119   0.691985   0.563403
       0.1   0.424415   0.755007   0.543378
      0.11   0.370117   0.810433   0.508161
      0.12   0.331907   0.828065   0.473875
      0.13   0.273287   0.862845   0.415101
      0.14   0.244962   0.894541   0.384603
      0.15   0.210261   0.943201   0.343866
      0.16   0.189808   0.962264   0.317073
      0.17   0.157032   0.977528   0.270595
      0.18   0.136408   0.977346   0.239403
      0.19   0.106756   0.979339   0.192526
       0.2    0.10068   0.977273   0.182554
      0.21   0.085405   0.983516   0.157163
      0.22  0.0714133          1   0.133307
      0.23  0.0600745          1    0.11334
      0.24  0.0541269          1   0.102695
      0.25  0.0509606          1  0.0969791
      0.26  0.0400924          1   0.077094
      0.27  0.0360703          1  0.0696291
      0.28   0.030294          1  0.0588064
      0.29  0.0287108          1   0.055819
       0.3  0.0211373          1  0.0413995
      0.31  0.0186556          1  0.0366279
      0.32  0.0153609          1  0.0302571
      0.33  0.0121946          1  0.0240954
      0.34 0.00693167          1  0.0137679
      0.35          0          0          0
      0.36          0          0          0
      0.37          0          0          0
      0.38          0          0          0
      0.39          0          0          0
       0.4          0          0          0
      0.41          0          0          0
      0.42          0          0          0
      0.43          0          0          0
      0.44          0          0          0
      0.45          0          0          0
      0.46          0          0          0
      0.47          0          0          0
      0.48          0          0          0
      0.49          0          0          0
       0.5          0          0          0
      0.51          0          0          0
      0.52          0          0          0
      0.53          0          0          0
      0.54          0          0          0
      0.55          0          0          0
      0.56          0          0          0
      0.57          0          0          0
      0.58          0          0          0
      0.59          0          0          0
       0.6          0          0          0
      0.61          0          0          0
      0.62          0          0          0
      0.63          0          0          0
      0.64          0          0          0
      0.65          0          0          0
      0.66          0          0          0
      0.67          0          0          0
      0.68          0          0          0
      0.69          0          0          0
       0.7          0          0          0
      0.71          0          0          0
      0.72          0          0          0
      0.73          0          0          0
      0.74          0          0          0
      0.75          0          0          0
      0.76          0          0          0
      0.77          0          0          0
      0.78          0          0          0
      0.79          0          0          0
       0.8          0          0          0
      0.81          0          0          0
      0.82          0          0          0
      0.83          0          0          0
      0.84          0          0          0
      0.85          0          0          0
      0.86          0          0          0
      0.87          0          0          0
      0.88          0          0          0
      0.89          0          0          0
       0.9          0          0          0
      0.91          0          0          0
      0.92          0          0          0
      0.93          0          0          0
      0.94          0          0          0
      0.95          0          0          0
      0.96          0          0          0
      0.97          0          0          0
      0.98          0          0          0
      0.99          0          0          0
