         0          1   0.223995   0.366006
      0.01   0.953311   0.270067   0.420897
      0.02   0.953311   0.270641   0.421593
      0.03   0.952151   0.274128   0.425696
      0.04    0.94783   0.288867   0.442788
      0.05   0.939511   0.305743    0.46135
      0.06   0.908557   0.344303   0.499368
      0.07   0.873928   0.376782   0.526549
      0.08   0.829238   0.422679   0.559944
      0.09    0.79764   0.453534   0.578268
       0.1   0.723415   0.498182   0.590035
      0.11   0.662733   0.542545   0.596647
      0.12   0.622751   0.563845   0.591836
      0.13   0.561101   0.593201   0.576705
      0.14     0.5148   0.608795   0.557866
      0.15   0.448378    0.63419   0.525338
      0.16   0.410008   0.658764   0.505437
      0.17    0.35513   0.672798   0.464878
      0.18   0.291288   0.682868   0.408376
      0.19   0.229832   0.690311   0.344849
       0.2    0.19804   0.697168   0.308458
      0.21   0.153092    0.72549   0.252832
      0.22   0.112788   0.787736   0.197323
      0.23  0.0901528   0.795181   0.161945
      0.24   0.069646   0.825243   0.128451
      0.25  0.0561682   0.853659   0.105401
      0.26   0.039724        0.9  0.0760896
      0.27  0.0317921   0.939394  0.0615027
      0.28  0.0201844   0.956522  0.0395346
      0.29  0.0128329   0.916667  0.0253115
       0.3 0.00670665        0.8  0.0133018
      0.31 6.4487e-05          1 0.000128966
      0.32          0          0          0
      0.33          0          0          0
      0.34          0          0          0
      0.35          0          0          0
      0.36          0          0          0
      0.37          0          0          0
      0.38          0          0          0
      0.39          0          0          0
       0.4          0          0          0
      0.41          0          0          0
      0.42          0          0          0
      0.43          0          0          0
      0.44          0          0          0
      0.45          0          0          0
      0.46          0          0          0
      0.47          0          0          0
      0.48          0          0          0
      0.49          0          0          0
       0.5          0          0          0
      0.51          0          0          0
      0.52          0          0          0
      0.53          0          0          0
      0.54          0          0          0
      0.55          0          0          0
      0.56          0          0          0
      0.57          0          0          0
      0.58          0          0          0
      0.59          0          0          0
       0.6          0          0          0
      0.61          0          0          0
      0.62          0          0          0
      0.63          0          0          0
      0.64          0          0          0
      0.65          0          0          0
      0.66          0          0          0
      0.67          0          0          0
      0.68          0          0          0
      0.69          0          0          0
       0.7          0          0          0
      0.71          0          0          0
      0.72          0          0          0
      0.73          0          0          0
      0.74          0          0          0
      0.75          0          0          0
      0.76          0          0          0
      0.77          0          0          0
      0.78          0          0          0
      0.79          0          0          0
       0.8          0          0          0
      0.81          0          0          0
      0.82          0          0          0
      0.83          0          0          0
      0.84          0          0          0
      0.85          0          0          0
      0.86          0          0          0
      0.87          0          0          0
      0.88          0          0          0
      0.89          0          0          0
       0.9          0          0          0
      0.91          0          0          0
      0.92          0          0          0
      0.93          0          0          0
      0.94          0          0          0
      0.95          0          0          0
      0.96          0          0          0
      0.97          0          0          0
      0.98          0          0          0
      0.99          0          0          0
