         0          1   0.193017   0.323578
      0.01   0.936351    0.26109   0.408324
      0.02   0.921243   0.272264   0.420309
      0.03   0.867544   0.291246   0.436091
      0.04   0.797888   0.359889   0.496039
      0.05   0.749651   0.404721   0.525653
      0.06   0.680845   0.483801   0.565654
      0.07   0.637037   0.541172   0.585204
      0.08   0.565864    0.62993   0.596181
      0.09   0.543474   0.726073   0.621642
       0.1    0.52066   0.815244   0.635472
      0.11   0.479886   0.874873   0.619799
      0.12   0.449002   0.894972   0.597994
      0.13   0.402342   0.917408   0.559366
      0.14   0.382501   0.929752   0.542016
      0.15   0.355076   0.944024    0.51605
      0.16   0.329956   0.947541   0.489467
      0.17   0.306717   0.947664   0.463439
      0.18   0.281051   0.942974   0.433036
      0.19   0.239731   0.934579   0.381581
       0.2   0.224198   0.930864   0.361362
      0.21   0.208543   0.960114   0.342659
      0.22   0.197622   0.960123   0.327777
      0.23   0.185668          1   0.313188
      0.24   0.177841          1   0.301978
      0.25   0.174443          1   0.297066
      0.26   0.152539          1   0.264701
      0.27   0.135611          1   0.238833
      0.28   0.109823          1   0.197912
      0.29  0.0991445          1   0.180403
       0.3  0.0775438          1   0.143927
      0.31  0.0572174          1   0.108242
      0.32  0.0478733          1  0.0913723
      0.33  0.0102542          1  0.0203003
      0.34 0.00455069          1 0.00906016
      0.35          0          0          0
      0.36          0          0          0
      0.37          0          0          0
      0.38          0          0          0
      0.39          0          0          0
       0.4          0          0          0
      0.41          0          0          0
      0.42          0          0          0
      0.43          0          0          0
      0.44          0          0          0
      0.45          0          0          0
      0.46          0          0          0
      0.47          0          0          0
      0.48          0          0          0
      0.49          0          0          0
       0.5          0          0          0
      0.51          0          0          0
      0.52          0          0          0
      0.53          0          0          0
      0.54          0          0          0
      0.55          0          0          0
      0.56          0          0          0
      0.57          0          0          0
      0.58          0          0          0
      0.59          0          0          0
       0.6          0          0          0
      0.61          0          0          0
      0.62          0          0          0
      0.63          0          0          0
      0.64          0          0          0
      0.65          0          0          0
      0.66          0          0          0
      0.67          0          0          0
      0.68          0          0          0
      0.69          0          0          0
       0.7          0          0          0
      0.71          0          0          0
      0.72          0          0          0
      0.73          0          0          0
      0.74          0          0          0
      0.75          0          0          0
      0.76          0          0          0
      0.77          0          0          0
      0.78          0          0          0
      0.79          0          0          0
       0.8          0          0          0
      0.81          0          0          0
      0.82          0          0          0
      0.83          0          0          0
      0.84          0          0          0
      0.85          0          0          0
      0.86          0          0          0
      0.87          0          0          0
      0.88          0          0          0
      0.89          0          0          0
       0.9          0          0          0
      0.91          0          0          0
      0.92          0          0          0
      0.93          0          0          0
      0.94          0          0          0
      0.95          0          0          0
      0.96          0          0          0
      0.97          0          0          0
      0.98          0          0          0
      0.99          0          0          0
