         0          1   0.150167   0.261123
      0.01   0.863839   0.166445   0.279111
      0.02   0.862321   0.166077   0.278515
      0.03    0.85454   0.166536   0.278748
      0.04   0.818863   0.172403   0.284837
      0.05   0.797894   0.176848   0.289524
      0.06   0.704716   0.177984   0.284192
      0.07   0.643515    0.17778   0.278594
      0.08    0.55176   0.176259   0.267171
      0.09   0.490464    0.17571    0.25873
       0.1   0.404308   0.172832   0.242151
      0.11   0.338173    0.16914   0.225496
      0.12   0.305532   0.166085   0.215193
      0.13   0.250498   0.154289    0.19096
      0.14   0.219281   0.149698   0.177929
      0.15   0.183604   0.147699   0.163706
      0.16   0.174305   0.149954   0.161215
      0.17    0.15732   0.147139   0.152059
      0.18   0.149255   0.146619   0.147925
      0.19   0.133314   0.149222    0.14082
       0.2   0.130847    0.15524   0.142004
      0.21    0.11244   0.158621   0.131596
      0.22   0.101812   0.164053   0.125647
      0.23  0.0976373    0.16759   0.123389
      0.24  0.0913749   0.179856   0.121183
      0.25  0.0826454   0.186551   0.114545
      0.26  0.0708796        0.2   0.104666
      0.27  0.0572161    0.20922  0.0898583
      0.28  0.0461144   0.230366   0.076846
      0.29  0.0375747   0.231788  0.0646665
       0.3  0.0225828   0.255319  0.0414953
      0.31  0.0225828   0.307692  0.0420773
      0.32  0.0222981    0.40625  0.0422758
      0.33  0.0131891       0.45  0.0256271
      0.34  0.0131891        0.5  0.0257003
      0.35  0.0110067   0.555556  0.0215858
      0.36 0.00711642          1  0.0141323
      0.37          0          0          0
      0.38          0          0          0
      0.39          0          0          0
       0.4          0          0          0
      0.41          0          0          0
      0.42          0          0          0
      0.43          0          0          0
      0.44          0          0          0
      0.45          0          0          0
      0.46          0          0          0
      0.47          0          0          0
      0.48          0          0          0
      0.49          0          0          0
       0.5          0          0          0
      0.51          0          0          0
      0.52          0          0          0
      0.53          0          0          0
      0.54          0          0          0
      0.55          0          0          0
      0.56          0          0          0
      0.57          0          0          0
      0.58          0          0          0
      0.59          0          0          0
       0.6          0          0          0
      0.61          0          0          0
      0.62          0          0          0
      0.63          0          0          0
      0.64          0          0          0
      0.65          0          0          0
      0.66          0          0          0
      0.67          0          0          0
      0.68          0          0          0
      0.69          0          0          0
       0.7          0          0          0
      0.71          0          0          0
      0.72          0          0          0
      0.73          0          0          0
      0.74          0          0          0
      0.75          0          0          0
      0.76          0          0          0
      0.77          0          0          0
      0.78          0          0          0
      0.79          0          0          0
       0.8          0          0          0
      0.81          0          0          0
      0.82          0          0          0
      0.83          0          0          0
      0.84          0          0          0
      0.85          0          0          0
      0.86          0          0          0
      0.87          0          0          0
      0.88          0          0          0
      0.89          0          0          0
       0.9          0          0          0
      0.91          0          0          0
      0.92          0          0          0
      0.93          0          0          0
      0.94          0          0          0
      0.95          0          0          0
      0.96          0          0          0
      0.97          0          0          0
      0.98          0          0          0
      0.99          0          0          0
