         0          1   0.282356    0.44037
      0.01   0.891836   0.343488   0.495959
      0.02   0.891836   0.344206   0.496707
      0.03   0.891216   0.348663   0.501233
      0.04   0.880462    0.35996   0.511005
      0.05   0.863964   0.372336     0.5204
      0.06   0.831475   0.392003    0.53281
      0.07   0.806588   0.399893   0.534693
      0.08   0.744764   0.407028   0.526379
      0.09    0.70625   0.408134   0.517316
       0.1   0.631475   0.404741   0.493302
      0.11   0.560135    0.40431   0.469634
      0.12   0.513964   0.410061   0.456171
      0.13     0.4558   0.410658   0.432053
      0.14   0.421622   0.419078   0.420346
      0.15   0.370383   0.425773   0.396151
      0.16   0.341047   0.439137   0.383926
      0.17   0.307827   0.472824   0.372888
      0.18   0.282714    0.48369   0.356851
      0.19   0.244932   0.507161   0.330332
       0.2   0.231475   0.514784   0.319352
      0.21   0.203829   0.528463   0.294189
      0.22   0.184854   0.547786   0.276426
      0.23   0.169538   0.564854   0.260799
      0.24   0.145158    0.59415   0.233314
      0.25   0.140878   0.615222   0.229259
      0.26   0.121396   0.659155   0.205032
      0.27   0.107601   0.717472   0.187137
      0.28     0.0875   0.768421    0.15711
      0.29  0.0807995   0.794872   0.146688
       0.3  0.0615428   0.854545   0.114817
      0.31  0.0470158   0.905405  0.0893897
      0.32  0.0365991   0.958333  0.0705056
      0.33  0.0159347          1  0.0313695
      0.34  0.0130631          1  0.0257892
      0.35 0.00765766          1  0.0151989
      0.36 0.00281532          1 0.00561482
      0.37          0          0          0
      0.38          0          0          0
      0.39          0          0          0
       0.4          0          0          0
      0.41          0          0          0
      0.42          0          0          0
      0.43          0          0          0
      0.44          0          0          0
      0.45          0          0          0
      0.46          0          0          0
      0.47          0          0          0
      0.48          0          0          0
      0.49          0          0          0
       0.5          0          0          0
      0.51          0          0          0
      0.52          0          0          0
      0.53          0          0          0
      0.54          0          0          0
      0.55          0          0          0
      0.56          0          0          0
      0.57          0          0          0
      0.58          0          0          0
      0.59          0          0          0
       0.6          0          0          0
      0.61          0          0          0
      0.62          0          0          0
      0.63          0          0          0
      0.64          0          0          0
      0.65          0          0          0
      0.66          0          0          0
      0.67          0          0          0
      0.68          0          0          0
      0.69          0          0          0
       0.7          0          0          0
      0.71          0          0          0
      0.72          0          0          0
      0.73          0          0          0
      0.74          0          0          0
      0.75          0          0          0
      0.76          0          0          0
      0.77          0          0          0
      0.78          0          0          0
      0.79          0          0          0
       0.8          0          0          0
      0.81          0          0          0
      0.82          0          0          0
      0.83          0          0          0
      0.84          0          0          0
      0.85          0          0          0
      0.86          0          0          0
      0.87          0          0          0
      0.88          0          0          0
      0.89          0          0          0
       0.9          0          0          0
      0.91          0          0          0
      0.92          0          0          0
      0.93          0          0          0
      0.94          0          0          0
      0.95          0          0          0
      0.96          0          0          0
      0.97          0          0          0
      0.98          0          0          0
      0.99          0          0          0
