         0          1   0.230724    0.37494
      0.01   0.818666   0.202446   0.324618
      0.02   0.818497   0.202545   0.324732
      0.03   0.814266   0.203677   0.325847
      0.04   0.789897   0.210034   0.331833
      0.05   0.772889   0.219652   0.342085
      0.06   0.722457   0.234204   0.353735
      0.07   0.663987   0.242918   0.355703
      0.08   0.584109   0.253176   0.353242
      0.09   0.536808   0.255444   0.346164
       0.1     0.4824   0.260961   0.338698
      0.11    0.43053   0.259973   0.324187
      0.12   0.400914   0.261018   0.316182
      0.13   0.352344   0.263169   0.301297
      0.14   0.305805   0.260651   0.281428
      0.15   0.270096   0.268371   0.269231
      0.16   0.261973   0.272051   0.266917
      0.17   0.238788   0.276448   0.256242
      0.18   0.222119   0.281299    0.24823
      0.19   0.188272   0.287356   0.227493
       0.2   0.163818   0.288149   0.208882
      0.21   0.125656   0.293103   0.175901
      0.22   0.103825   0.288262   0.152664
      0.23  0.0869013   0.290385    0.13377
      0.24  0.0641394    0.29863   0.105599
      0.25  0.0557624     0.3125  0.0946377
      0.26  0.0385852   0.355556  0.0696157
      0.27   0.029362      0.375  0.0544598
      0.28  0.0238619   0.419753  0.0451568
      0.29  0.0209849   0.483333  0.0402235
       0.3  0.0181926        0.6  0.0353144
      0.31  0.0149772      0.625  0.0292533
      0.32 0.00998477     0.5625  0.0196212
      0.33 0.00998477   0.692308  0.0196856
      0.34 0.00541547   0.555556  0.0107264
      0.35 0.00490777   0.428571 0.00970441
      0.36          0          0          0
      0.37          0          0          0
      0.38          0          0          0
      0.39          0          0          0
       0.4          0          0          0
      0.41          0          0          0
      0.42          0          0          0
      0.43          0          0          0
      0.44          0          0          0
      0.45          0          0          0
      0.46          0          0          0
      0.47          0          0          0
      0.48          0          0          0
      0.49          0          0          0
       0.5          0          0          0
      0.51          0          0          0
      0.52          0          0          0
      0.53          0          0          0
      0.54          0          0          0
      0.55          0          0          0
      0.56          0          0          0
      0.57          0          0          0
      0.58          0          0          0
      0.59          0          0          0
       0.6          0          0          0
      0.61          0          0          0
      0.62          0          0          0
      0.63          0          0          0
      0.64          0          0          0
      0.65          0          0          0
      0.66          0          0          0
      0.67          0          0          0
      0.68          0          0          0
      0.69          0          0          0
       0.7          0          0          0
      0.71          0          0          0
      0.72          0          0          0
      0.73          0          0          0
      0.74          0          0          0
      0.75          0          0          0
      0.76          0          0          0
      0.77          0          0          0
      0.78          0          0          0
      0.79          0          0          0
       0.8          0          0          0
      0.81          0          0          0
      0.82          0          0          0
      0.83          0          0          0
      0.84          0          0          0
      0.85          0          0          0
      0.86          0          0          0
      0.87          0          0          0
      0.88          0          0          0
      0.89          0          0          0
       0.9          0          0          0
      0.91          0          0          0
      0.92          0          0          0
      0.93          0          0          0
      0.94          0          0          0
      0.95          0          0          0
      0.96          0          0          0
      0.97          0          0          0
      0.98          0          0          0
      0.99          0          0          0
