         0          1   0.253826   0.404882
      0.01    0.93237     0.3271   0.484296
      0.02   0.930455   0.333523   0.491034
      0.03   0.921919   0.351728   0.509191
      0.04    0.88504   0.381465   0.533139
      0.05   0.831145    0.40295   0.542762
      0.06    0.74026   0.433932   0.547138
      0.07   0.697636     0.4554   0.551073
      0.08    0.62448   0.488372   0.548103
      0.09   0.569435   0.512928   0.539707
       0.1   0.510943   0.542857   0.526417
      0.11   0.429306   0.575785   0.491872
      0.12   0.373659   0.587432   0.456771
      0.13   0.320092   0.620991   0.422437
      0.14    0.28863    0.64202    0.39823
      0.15   0.242777   0.670412   0.356467
      0.16   0.210768   0.687888   0.322671
      0.17   0.172193   0.704036   0.276709
      0.18   0.145546   0.702997   0.241163
      0.19    0.10128   0.680162   0.176307
       0.2  0.0761107   0.657609   0.136431
      0.21  0.0497374   0.633333  0.0922315
      0.22  0.0320092   0.671429  0.0611053
      0.23  0.0248413   0.608696  0.0477346
      0.24  0.0199168        0.6  0.0385539
      0.25  0.0119829   0.526316  0.0234324
      0.26 0.00700372   0.444444  0.0137901
      0.27 0.00656599        0.5  0.0129618
      0.28          0          0          0
      0.29          0          0          0
       0.3          0          0          0
      0.31          0          0          0
      0.32          0          0          0
      0.33          0          0          0
      0.34          0          0          0
      0.35          0          0          0
      0.36          0          0          0
      0.37          0          0          0
      0.38          0          0          0
      0.39          0          0          0
       0.4          0          0          0
      0.41          0          0          0
      0.42          0          0          0
      0.43          0          0          0
      0.44          0          0          0
      0.45          0          0          0
      0.46          0          0          0
      0.47          0          0          0
      0.48          0          0          0
      0.49          0          0          0
       0.5          0          0          0
      0.51          0          0          0
      0.52          0          0          0
      0.53          0          0          0
      0.54          0          0          0
      0.55          0          0          0
      0.56          0          0          0
      0.57          0          0          0
      0.58          0          0          0
      0.59          0          0          0
       0.6          0          0          0
      0.61          0          0          0
      0.62          0          0          0
      0.63          0          0          0
      0.64          0          0          0
      0.65          0          0          0
      0.66          0          0          0
      0.67          0          0          0
      0.68          0          0          0
      0.69          0          0          0
       0.7          0          0          0
      0.71          0          0          0
      0.72          0          0          0
      0.73          0          0          0
      0.74          0          0          0
      0.75          0          0          0
      0.76          0          0          0
      0.77          0          0          0
      0.78          0          0          0
      0.79          0          0          0
       0.8          0          0          0
      0.81          0          0          0
      0.82          0          0          0
      0.83          0          0          0
      0.84          0          0          0
      0.85          0          0          0
      0.86          0          0          0
      0.87          0          0          0
      0.88          0          0          0
      0.89          0          0          0
       0.9          0          0          0
      0.91          0          0          0
      0.92          0          0          0
      0.93          0          0          0
      0.94          0          0          0
      0.95          0          0          0
      0.96          0          0          0
      0.97          0          0          0
      0.98          0          0          0
      0.99          0          0          0
