         0          1   0.418411   0.589971
      0.01   0.978448   0.544077   0.699301
      0.02   0.978448   0.545246   0.700265
      0.03   0.978005   0.546605   0.701271
      0.04   0.976581    0.54968   0.703427
      0.05   0.974334   0.552408    0.70507
      0.06   0.967941   0.568092   0.715973
      0.07   0.959776   0.579777    0.72288
      0.08   0.938445    0.61654   0.744173
      0.09   0.913982     0.6553    0.76332
       0.1   0.860687   0.710367   0.778336
      0.11   0.785271   0.768349   0.776718
      0.12   0.742072   0.803015   0.771342
      0.13   0.673714   0.842622    0.74876
      0.14   0.631464   0.863431    0.72945
      0.15   0.576207   0.895778   0.701303
      0.16   0.550193   0.912155   0.686377
      0.17   0.518197   0.927806   0.664987
      0.18   0.503829   0.938098   0.655569
      0.19   0.477404   0.951287   0.635754
       0.2   0.455187   0.959448   0.617443
      0.21   0.422907   0.973165   0.589594
      0.22   0.397494   0.980101     0.5656
      0.23    0.37803   0.983031   0.546067
      0.24   0.361225   0.986052   0.528751
      0.25   0.350718   0.985896   0.517385
      0.26   0.325432   0.983846   0.489086
      0.27   0.310874   0.983391   0.472408
      0.28   0.286031   0.980845   0.442904
      0.29   0.265713   0.980234   0.418093
       0.3   0.234255   0.979927    0.37812
      0.31   0.189284   0.976331   0.317093
      0.32   0.166656   0.977444    0.28476
      0.33   0.121622   0.969838   0.216139
      0.34  0.0899108   0.960289   0.164426
      0.35  0.0590227   0.952941    0.11116
      0.36  0.0399392   0.947917   0.076649
      0.37  0.0260776       0.96  0.0507759
      0.38  0.0156339   0.965517  0.0307696
      0.39 0.00436737          1 0.00869675
       0.4 0.000632951          1  0.0012651
      0.41 0.000538009          1 0.00107544
      0.42 0.000538009          1 0.00107544
      0.43          0          0          0
      0.44          0          0          0
      0.45          0          0          0
      0.46          0          0          0
      0.47          0          0          0
      0.48          0          0          0
      0.49          0          0          0
       0.5          0          0          0
      0.51          0          0          0
      0.52          0          0          0
      0.53          0          0          0
      0.54          0          0          0
      0.55          0          0          0
      0.56          0          0          0
      0.57          0          0          0
      0.58          0          0          0
      0.59          0          0          0
       0.6          0          0          0
      0.61          0          0          0
      0.62          0          0          0
      0.63          0          0          0
      0.64          0          0          0
      0.65          0          0          0
      0.66          0          0          0
      0.67          0          0          0
      0.68          0          0          0
      0.69          0          0          0
       0.7          0          0          0
      0.71          0          0          0
      0.72          0          0          0
      0.73          0          0          0
      0.74          0          0          0
      0.75          0          0          0
      0.76          0          0          0
      0.77          0          0          0
      0.78          0          0          0
      0.79          0          0          0
       0.8          0          0          0
      0.81          0          0          0
      0.82          0          0          0
      0.83          0          0          0
      0.84          0          0          0
      0.85          0          0          0
      0.86          0          0          0
      0.87          0          0          0
      0.88          0          0          0
      0.89          0          0          0
       0.9          0          0          0
      0.91          0          0          0
      0.92          0          0          0
      0.93          0          0          0
      0.94          0          0          0
      0.95          0          0          0
      0.96          0          0          0
      0.97          0          0          0
      0.98          0          0          0
      0.99          0          0          0
