         0          1   0.223412   0.365227
      0.01   0.960881     0.3081   0.466591
      0.02   0.960881   0.308118   0.466611
      0.03   0.960881   0.309093   0.467729
      0.04   0.958137   0.311829   0.470524
      0.05   0.952719    0.31645   0.475095
      0.06   0.942658   0.325541   0.483952
      0.07   0.926898   0.334583   0.491683
      0.08   0.895518   0.349002   0.502262
      0.09   0.863716    0.35961   0.507798
       0.1   0.805108   0.373136   0.509936
      0.11    0.71315    0.38266   0.498068
      0.12   0.644691   0.396091   0.490701
      0.13   0.521846   0.405359   0.456286
      0.14   0.446493    0.41372   0.429482
      0.15   0.359038   0.417333   0.385997
      0.16   0.321888   0.434426   0.369785
      0.17   0.261521   0.450858   0.331029
      0.18   0.215155   0.454179   0.291989
      0.19   0.153381   0.473438   0.231698
       0.2    0.13164   0.475806   0.206225
      0.21  0.0876662    0.45768   0.147147
      0.22  0.0656441   0.502415   0.116117
      0.23  0.0572715   0.503268    0.10284
      0.24  0.0308872   0.464286  0.0579212
      0.25  0.0140013        0.4  0.0270555
      0.26 0.00408077   0.208333 0.00800475
      0.27 0.00197003   0.230769  0.0039067
      0.28          0          0          0
      0.29          0          0          0
       0.3          0          0          0
      0.31          0          0          0
      0.32          0          0          0
      0.33          0          0          0
      0.34          0          0          0
      0.35          0          0          0
      0.36          0          0          0
      0.37          0          0          0
      0.38          0          0          0
      0.39          0          0          0
       0.4          0          0          0
      0.41          0          0          0
      0.42          0          0          0
      0.43          0          0          0
      0.44          0          0          0
      0.45          0          0          0
      0.46          0          0          0
      0.47          0          0          0
      0.48          0          0          0
      0.49          0          0          0
       0.5          0          0          0
      0.51          0          0          0
      0.52          0          0          0
      0.53          0          0          0
      0.54          0          0          0
      0.55          0          0          0
      0.56          0          0          0
      0.57          0          0          0
      0.58          0          0          0
      0.59          0          0          0
       0.6          0          0          0
      0.61          0          0          0
      0.62          0          0          0
      0.63          0          0          0
      0.64          0          0          0
      0.65          0          0          0
      0.66          0          0          0
      0.67          0          0          0
      0.68          0          0          0
      0.69          0          0          0
       0.7          0          0          0
      0.71          0          0          0
      0.72          0          0          0
      0.73          0          0          0
      0.74          0          0          0
      0.75          0          0          0
      0.76          0          0          0
      0.77          0          0          0
      0.78          0          0          0
      0.79          0          0          0
       0.8          0          0          0
      0.81          0          0          0
      0.82          0          0          0
      0.83          0          0          0
      0.84          0          0          0
      0.85          0          0          0
      0.86          0          0          0
      0.87          0          0          0
      0.88          0          0          0
      0.89          0          0          0
       0.9          0          0          0
      0.91          0          0          0
      0.92          0          0          0
      0.93          0          0          0
      0.94          0          0          0
      0.95          0          0          0
      0.96          0          0          0
      0.97          0          0          0
      0.98          0          0          0
      0.99          0          0          0
