         0          1   0.176689   0.300316
      0.01   0.890606   0.165575   0.279236
      0.02   0.885757   0.166084   0.279719
      0.03   0.865291   0.169875   0.283995
      0.04   0.814087   0.183959   0.300103
      0.05   0.762965   0.198143   0.314588
      0.06   0.693351   0.226051   0.340944
      0.07   0.648393   0.250387   0.361266
      0.08   0.548451   0.293693   0.382539
      0.09   0.513191   0.331049   0.402472
       0.1   0.437659   0.392255   0.413715
      0.11   0.386784   0.464545   0.422113
      0.12   0.339032   0.513139   0.408299
      0.13   0.289225   0.593914    0.38901
      0.14   0.257089   0.632791    0.36563
      0.15    0.21057   0.679389   0.321495
      0.16   0.176954   0.700483   0.282535
      0.17   0.131257   0.773234   0.224418
      0.18   0.108408   0.791045   0.190684
      0.19  0.0772582   0.840708   0.141512
       0.2  0.0619709   0.923077   0.116144
      0.21  0.0415057   0.927273  0.0794549
      0.22  0.0386291       0.95  0.0742394
      0.23  0.0332046   0.970588  0.0642124
      0.24  0.0248212          1  0.0484401
      0.25  0.0132325          1  0.0261194
      0.26  0.0123284          1  0.0243566
      0.27 0.00805457          1  0.0159804
      0.28 0.00493137          1 0.00981435
      0.29          0          0          0
       0.3          0          0          0
      0.31          0          0          0
      0.32          0          0          0
      0.33          0          0          0
      0.34          0          0          0
      0.35          0          0          0
      0.36          0          0          0
      0.37          0          0          0
      0.38          0          0          0
      0.39          0          0          0
       0.4          0          0          0
      0.41          0          0          0
      0.42          0          0          0
      0.43          0          0          0
      0.44          0          0          0
      0.45          0          0          0
      0.46          0          0          0
      0.47          0          0          0
      0.48          0          0          0
      0.49          0          0          0
       0.5          0          0          0
      0.51          0          0          0
      0.52          0          0          0
      0.53          0          0          0
      0.54          0          0          0
      0.55          0          0          0
      0.56          0          0          0
      0.57          0          0          0
      0.58          0          0          0
      0.59          0          0          0
       0.6          0          0          0
      0.61          0          0          0
      0.62          0          0          0
      0.63          0          0          0
      0.64          0          0          0
      0.65          0          0          0
      0.66          0          0          0
      0.67          0          0          0
      0.68          0          0          0
      0.69          0          0          0
       0.7          0          0          0
      0.71          0          0          0
      0.72          0          0          0
      0.73          0          0          0
      0.74          0          0          0
      0.75          0          0          0
      0.76          0          0          0
      0.77          0          0          0
      0.78          0          0          0
      0.79          0          0          0
       0.8          0          0          0
      0.81          0          0          0
      0.82          0          0          0
      0.83          0          0          0
      0.84          0          0          0
      0.85          0          0          0
      0.86          0          0          0
      0.87          0          0          0
      0.88          0          0          0
      0.89          0          0          0
       0.9          0          0          0
      0.91          0          0          0
      0.92          0          0          0
      0.93          0          0          0
      0.94          0          0          0
      0.95          0          0          0
      0.96          0          0          0
      0.97          0          0          0
      0.98          0          0          0
      0.99          0          0          0
