         0          1   0.263807   0.417479
      0.01   0.972162   0.455913   0.620725
      0.02   0.971785   0.476395   0.639359
      0.03   0.969669   0.501809   0.661361
      0.04   0.954334   0.535116   0.685729
      0.05   0.932427   0.557203   0.697557
      0.06   0.903456   0.594946   0.717441
      0.07   0.862625    0.61449   0.717716
      0.08   0.783305   0.645483   0.707747
      0.09   0.750708   0.659894   0.702378
       0.1   0.663381   0.680391   0.671778
      0.11   0.600755   0.711039   0.651261
      0.12   0.557545   0.721226    0.62891
      0.13   0.482229   0.729071   0.580499
      0.14   0.414089   0.737757   0.530447
      0.15   0.271766   0.749037   0.398829
      0.16   0.220321   0.770732   0.342683
      0.17   0.205175   0.796791   0.326321
      0.18   0.192446   0.815725   0.311421
      0.19   0.182663   0.825972   0.299166
       0.2   0.175486   0.824627   0.289389
      0.21   0.169443   0.848705   0.282487
      0.22   0.163588   0.865385   0.275161
      0.23   0.151124   0.882119    0.25804
      0.24   0.142096   0.895678    0.24528
      0.25   0.138546   0.897059   0.240022
      0.26   0.127328   0.910305   0.223407
      0.27    0.12034   0.924731   0.212966
      0.28    0.10119   0.946328    0.18283
      0.29  0.0885364   0.962199   0.162152
       0.3   0.077356   0.972222   0.143309
      0.31  0.0579792   0.970803   0.109423
      0.32  0.0396223     0.9625  0.0761114
      0.33  0.0179792   0.961538  0.0352984
      0.34 0.00566572          1  0.0112676
      0.35          0          0          0
      0.36          0          0          0
      0.37          0          0          0
      0.38          0          0          0
      0.39          0          0          0
       0.4          0          0          0
      0.41          0          0          0
      0.42          0          0          0
      0.43          0          0          0
      0.44          0          0          0
      0.45          0          0          0
      0.46          0          0          0
      0.47          0          0          0
      0.48          0          0          0
      0.49          0          0          0
       0.5          0          0          0
      0.51          0          0          0
      0.52          0          0          0
      0.53          0          0          0
      0.54          0          0          0
      0.55          0          0          0
      0.56          0          0          0
      0.57          0          0          0
      0.58          0          0          0
      0.59          0          0          0
       0.6          0          0          0
      0.61          0          0          0
      0.62          0          0          0
      0.63          0          0          0
      0.64          0          0          0
      0.65          0          0          0
      0.66          0          0          0
      0.67          0          0          0
      0.68          0          0          0
      0.69          0          0          0
       0.7          0          0          0
      0.71          0          0          0
      0.72          0          0          0
      0.73          0          0          0
      0.74          0          0          0
      0.75          0          0          0
      0.76          0          0          0
      0.77          0          0          0
      0.78          0          0          0
      0.79          0          0          0
       0.8          0          0          0
      0.81          0          0          0
      0.82          0          0          0
      0.83          0          0          0
      0.84          0          0          0
      0.85          0          0          0
      0.86          0          0          0
      0.87          0          0          0
      0.88          0          0          0
      0.89          0          0          0
       0.9          0          0          0
      0.91          0          0          0
      0.92          0          0          0
      0.93          0          0          0
      0.94          0          0          0
      0.95          0          0          0
      0.96          0          0          0
      0.97          0          0          0
      0.98          0          0          0
      0.99          0          0          0
