         0          1   0.181029   0.306561
      0.01   0.791254   0.195949    0.31411
      0.02     0.7905   0.196189    0.31436
      0.03   0.785114   0.197957   0.316191
      0.04   0.762064   0.201097   0.318221
      0.05   0.740952   0.204623   0.320685
      0.06    0.69022   0.214957    0.32782
      0.07   0.656614   0.222067    0.33189
      0.08    0.59651   0.242904   0.345229
      0.09   0.574429   0.258981   0.357006
       0.1   0.543516   0.286591   0.375293
      0.11   0.514541   0.316309   0.391777
      0.12   0.500862   0.338782   0.404178
      0.13   0.484166   0.373337    0.42159
      0.14   0.466609   0.397579   0.429337
      0.15   0.451099   0.431062   0.440853
      0.16   0.438065   0.453832   0.445809
      0.17   0.416523   0.482446   0.447067
      0.18   0.386794   0.504229   0.437773
      0.19   0.351357   0.534279   0.423927
       0.2    0.33757   0.552398   0.419055
      0.21   0.321952   0.576586   0.413189
      0.22   0.290177   0.601108   0.391407
      0.23   0.251293   0.589372   0.352352
      0.24   0.220164    0.60479   0.322813
      0.25   0.203145   0.621005   0.306144
      0.26   0.174386   0.613772   0.271604
      0.27   0.147673   0.640449   0.240007
      0.28   0.115467   0.661458   0.196613
      0.29  0.0981258   0.716312   0.172607
       0.3   0.078953       0.75   0.142866
      0.31  0.0549332   0.795455   0.102769
      0.32  0.0297286   0.857143  0.0574641
      0.33 0.00290823       0.75 0.00579399
      0.34 0.00290823   0.857143 0.00579679
      0.35 0.00247738          1 0.00494252
      0.36 0.00204653          1  0.0040847
      0.37          0          0          0
      0.38          0          0          0
      0.39          0          0          0
       0.4          0          0          0
      0.41          0          0          0
      0.42          0          0          0
      0.43          0          0          0
      0.44          0          0          0
      0.45          0          0          0
      0.46          0          0          0
      0.47          0          0          0
      0.48          0          0          0
      0.49          0          0          0
       0.5          0          0          0
      0.51          0          0          0
      0.52          0          0          0
      0.53          0          0          0
      0.54          0          0          0
      0.55          0          0          0
      0.56          0          0          0
      0.57          0          0          0
      0.58          0          0          0
      0.59          0          0          0
       0.6          0          0          0
      0.61          0          0          0
      0.62          0          0          0
      0.63          0          0          0
      0.64          0          0          0
      0.65          0          0          0
      0.66          0          0          0
      0.67          0          0          0
      0.68          0          0          0
      0.69          0          0          0
       0.7          0          0          0
      0.71          0          0          0
      0.72          0          0          0
      0.73          0          0          0
      0.74          0          0          0
      0.75          0          0          0
      0.76          0          0          0
      0.77          0          0          0
      0.78          0          0          0
      0.79          0          0          0
       0.8          0          0          0
      0.81          0          0          0
      0.82          0          0          0
      0.83          0          0          0
      0.84          0          0          0
      0.85          0          0          0
      0.86          0          0          0
      0.87          0          0          0
      0.88          0          0          0
      0.89          0          0          0
       0.9          0          0          0
      0.91          0          0          0
      0.92          0          0          0
      0.93          0          0          0
      0.94          0          0          0
      0.95          0          0          0
      0.96          0          0          0
      0.97          0          0          0
      0.98          0          0          0
      0.99          0          0          0
