         0          1   0.235879   0.381719
      0.01   0.964742   0.367307   0.532047
      0.02    0.95266   0.409054   0.572351
      0.03     0.9333   0.459969   0.616233
      0.04   0.847877   0.550593   0.667637
      0.05   0.784286   0.600851   0.680422
      0.06   0.693916   0.684542   0.689197
      0.07   0.659789   0.737418   0.696447
      0.08   0.604395   0.816317    0.69455
      0.09   0.563131   0.854503   0.678874
       0.1   0.500813   0.905109    0.64483
      0.11   0.435385   0.917582   0.590556
      0.12   0.393697   0.920213   0.551461
      0.13   0.319367   0.939553   0.476698
      0.14   0.293224   0.947994   0.447906
      0.15    0.22822   0.974592   0.369836
      0.16   0.201795   0.991786   0.335356
      0.17   0.170918   0.995146    0.29173
      0.18   0.157634   0.994709   0.272142
      0.19   0.131138   0.996885   0.231786
       0.2   0.110436          1   0.198906
      0.21  0.0965873          1    0.17616
      0.22  0.0874726          1   0.160873
      0.23  0.0787819          1   0.146057
      0.24  0.0693139          1   0.129642
      0.25  0.0569491          1   0.107761
      0.26  0.0486823          1  0.0928446
      0.27  0.0425352          1  0.0815995
      0.28  0.0278386          1  0.0541692
      0.29  0.0209143          1  0.0409717
       0.3  0.0182294          1   0.035806
      0.31  0.0134954          1  0.0266313
      0.32  0.0134247          1  0.0264938
      0.33  0.0127888          1  0.0252546
      0.34  0.0108104          1  0.0213896
      0.35  0.0101745          1  0.0201441
      0.36 0.00812549          1    0.01612
      0.37 0.00452201          1 0.00900331
      0.38          0          0          0
      0.39          0          0          0
       0.4          0          0          0
      0.41          0          0          0
      0.42          0          0          0
      0.43          0          0          0
      0.44          0          0          0
      0.45          0          0          0
      0.46          0          0          0
      0.47          0          0          0
      0.48          0          0          0
      0.49          0          0          0
       0.5          0          0          0
      0.51          0          0          0
      0.52          0          0          0
      0.53          0          0          0
      0.54          0          0          0
      0.55          0          0          0
      0.56          0          0          0
      0.57          0          0          0
      0.58          0          0          0
      0.59          0          0          0
       0.6          0          0          0
      0.61          0          0          0
      0.62          0          0          0
      0.63          0          0          0
      0.64          0          0          0
      0.65          0          0          0
      0.66          0          0          0
      0.67          0          0          0
      0.68          0          0          0
      0.69          0          0          0
       0.7          0          0          0
      0.71          0          0          0
      0.72          0          0          0
      0.73          0          0          0
      0.74          0          0          0
      0.75          0          0          0
      0.76          0          0          0
      0.77          0          0          0
      0.78          0          0          0
      0.79          0          0          0
       0.8          0          0          0
      0.81          0          0          0
      0.82          0          0          0
      0.83          0          0          0
      0.84          0          0          0
      0.85          0          0          0
      0.86          0          0          0
      0.87          0          0          0
      0.88          0          0          0
      0.89          0          0          0
       0.9          0          0          0
      0.91          0          0          0
      0.92          0          0          0
      0.93          0          0          0
      0.94          0          0          0
      0.95          0          0          0
      0.96          0          0          0
      0.97          0          0          0
      0.98          0          0          0
      0.99          0          0          0
