         0          1   0.265439    0.41952
      0.01   0.902872   0.329397   0.482693
      0.02   0.901274   0.330417   0.483557
      0.03   0.897001   0.335323   0.488159
      0.04   0.881545   0.354414    0.50557
      0.05   0.864771   0.371054   0.519292
      0.06   0.834778   0.404156    0.54463
      0.07   0.811454   0.430306   0.562385
      0.08   0.773314   0.466947   0.582291
      0.09   0.737889   0.497183    0.59408
       0.1   0.700028   0.534522   0.606181
      0.11   0.637446   0.564565   0.598796
      0.12   0.600463   0.578204   0.589123
      0.13   0.534526   0.597086   0.564077
      0.14   0.495866   0.603886   0.544571
      0.15   0.424777   0.608102    0.50017
      0.16    0.37202   0.604402   0.460558
      0.17   0.310156   0.612083   0.411696
      0.18   0.266664   0.610465   0.371186
      0.19   0.214186   0.592593   0.314646
       0.2   0.183354   0.582812    0.27895
      0.21   0.148888   0.593952   0.238092
      0.22  0.0988857   0.558912   0.168041
      0.23  0.0844283   0.575758   0.147262
      0.24  0.0622629   0.611111   0.113012
      0.25  0.0565917   0.631206   0.103871
      0.26  0.0471664   0.633028  0.0877916
      0.27  0.0436918   0.634409  0.0817533
      0.28  0.0367427    0.65625  0.0695891
      0.29   0.028196       0.66  0.0540816
       0.3  0.0221255   0.648649  0.0427914
      0.31  0.0136188        0.5  0.0265153
      0.32 0.00822717   0.352941  0.0160795
      0.33 0.00315508       0.25 0.00623151
      0.34          0          0          0
      0.35          0          0          0
      0.36          0          0          0
      0.37          0          0          0
      0.38          0          0          0
      0.39          0          0          0
       0.4          0          0          0
      0.41          0          0          0
      0.42          0          0          0
      0.43          0          0          0
      0.44          0          0          0
      0.45          0          0          0
      0.46          0          0          0
      0.47          0          0          0
      0.48          0          0          0
      0.49          0          0          0
       0.5          0          0          0
      0.51          0          0          0
      0.52          0          0          0
      0.53          0          0          0
      0.54          0          0          0
      0.55          0          0          0
      0.56          0          0          0
      0.57          0          0          0
      0.58          0          0          0
      0.59          0          0          0
       0.6          0          0          0
      0.61          0          0          0
      0.62          0          0          0
      0.63          0          0          0
      0.64          0          0          0
      0.65          0          0          0
      0.66          0          0          0
      0.67          0          0          0
      0.68          0          0          0
      0.69          0          0          0
       0.7          0          0          0
      0.71          0          0          0
      0.72          0          0          0
      0.73          0          0          0
      0.74          0          0          0
      0.75          0          0          0
      0.76          0          0          0
      0.77          0          0          0
      0.78          0          0          0
      0.79          0          0          0
       0.8          0          0          0
      0.81          0          0          0
      0.82          0          0          0
      0.83          0          0          0
      0.84          0          0          0
      0.85          0          0          0
      0.86          0          0          0
      0.87          0          0          0
      0.88          0          0          0
      0.89          0          0          0
       0.9          0          0          0
      0.91          0          0          0
      0.92          0          0          0
      0.93          0          0          0
      0.94          0          0          0
      0.95          0          0          0
      0.96          0          0          0
      0.97          0          0          0
      0.98          0          0          0
      0.99          0          0          0
