         0          1   0.256164   0.407851
      0.01   0.978352   0.457694   0.623637
      0.02   0.978352   0.465144   0.630517
      0.03   0.977945   0.488014   0.651111
      0.04   0.975972   0.530709   0.687547
      0.05    0.97011    0.55668    0.70742
      0.06   0.958561   0.584498    0.72619
      0.07   0.937609   0.590175   0.724387
      0.08   0.892049   0.596847   0.715183
      0.09   0.865525   0.607687   0.714043
       0.1   0.834417   0.630814   0.718469
      0.11   0.802496   0.655209   0.721411
      0.12   0.768717   0.672417    0.71735
      0.13   0.719037   0.690712    0.70459
      0.14   0.665699   0.704169   0.684394
      0.15   0.606326   0.717169   0.657106
      0.16   0.554904    0.71712   0.625669
      0.17   0.498607   0.721672   0.589752
      0.18   0.463726   0.724335   0.565448
      0.19   0.429367   0.721342   0.538313
       0.2   0.397911   0.711479    0.51038
      0.21   0.362972   0.705036   0.479225
      0.22    0.33343    0.71449   0.454677
      0.23   0.312478   0.708165   0.433621
      0.24   0.274811   0.694389    0.39378
      0.25   0.244748   0.690562   0.361406
      0.26   0.199594   0.676971   0.308292
      0.27   0.164074   0.700193   0.265852
      0.28   0.125943   0.807018   0.217883
      0.29   0.102205   0.817204   0.181688
       0.3  0.0738828     0.8125   0.135449
      0.31   0.059083   0.818182   0.110208
      0.32  0.0509576   0.833333  0.0960424
      0.33  0.0284968   0.846154  0.0551367
      0.34  0.0157864   0.804348  0.0309651
      0.35 0.00824144     0.8125  0.0163174
      0.36          0          0          0
      0.37          0          0          0
      0.38          0          0          0
      0.39          0          0          0
       0.4          0          0          0
      0.41          0          0          0
      0.42          0          0          0
      0.43          0          0          0
      0.44          0          0          0
      0.45          0          0          0
      0.46          0          0          0
      0.47          0          0          0
      0.48          0          0          0
      0.49          0          0          0
       0.5          0          0          0
      0.51          0          0          0
      0.52          0          0          0
      0.53          0          0          0
      0.54          0          0          0
      0.55          0          0          0
      0.56          0          0          0
      0.57          0          0          0
      0.58          0          0          0
      0.59          0          0          0
       0.6          0          0          0
      0.61          0          0          0
      0.62          0          0          0
      0.63          0          0          0
      0.64          0          0          0
      0.65          0          0          0
      0.66          0          0          0
      0.67          0          0          0
      0.68          0          0          0
      0.69          0          0          0
       0.7          0          0          0
      0.71          0          0          0
      0.72          0          0          0
      0.73          0          0          0
      0.74          0          0          0
      0.75          0          0          0
      0.76          0          0          0
      0.77          0          0          0
      0.78          0          0          0
      0.79          0          0          0
       0.8          0          0          0
      0.81          0          0          0
      0.82          0          0          0
      0.83          0          0          0
      0.84          0          0          0
      0.85          0          0          0
      0.86          0          0          0
      0.87          0          0          0
      0.88          0          0          0
      0.89          0          0          0
       0.9          0          0          0
      0.91          0          0          0
      0.92          0          0          0
      0.93          0          0          0
      0.94          0          0          0
      0.95          0          0          0
      0.96          0          0          0
      0.97          0          0          0
      0.98          0          0          0
      0.99          0          0          0
