         0          1   0.382258   0.553092
      0.01   0.892838   0.537497   0.671028
      0.02   0.892838   0.537409    0.67096
      0.03   0.892229   0.537425   0.670801
      0.04   0.880633   0.537854   0.667827
      0.05   0.872222   0.543082    0.66938
      0.06    0.85565   0.551773   0.670907
      0.07   0.839579   0.554661   0.668008
      0.08   0.801818   0.559536   0.659117
      0.09    0.76982   0.565464   0.652004
       0.1    0.71291   0.572579   0.635085
      0.11   0.675829   0.585549   0.627459
      0.12   0.652314   0.595985   0.622878
      0.13   0.625935    0.61094   0.618347
      0.14   0.606679   0.621819   0.614156
      0.15   0.581302   0.635204   0.607059
      0.16    0.56473   0.644035   0.601781
      0.17   0.540642   0.658505   0.593781
      0.18   0.526719   0.671937   0.590531
      0.19   0.502595   0.697967   0.584384
       0.2   0.484019   0.714315   0.577038
      0.21   0.459072   0.738898   0.566303
      0.22   0.434196   0.760063   0.552671
      0.23   0.419306   0.777684   0.544846
      0.24   0.392605   0.801502   0.527045
      0.25   0.379219    0.82005   0.518614
      0.26   0.357386   0.842553   0.501886
      0.27   0.340492   0.852969     0.4867
      0.28   0.309531    0.86568   0.456012
      0.29    0.28802   0.880389   0.434043
       0.3   0.235871   0.909348   0.374581
      0.31   0.190093   0.939073   0.316182
      0.32   0.163249    0.96558    0.27928
      0.33   0.110849   0.986885    0.19931
      0.34  0.0742689    0.98895   0.138162
      0.35  0.0309961   0.969231  0.0600711
      0.36   0.016715   0.939394  0.0328455
      0.37 0.00730162   0.933333  0.0144899
      0.38 0.00114535        0.5 0.00228547
      0.39          0          0          0
       0.4          0          0          0
      0.41          0          0          0
      0.42          0          0          0
      0.43          0          0          0
      0.44          0          0          0
      0.45          0          0          0
      0.46          0          0          0
      0.47          0          0          0
      0.48          0          0          0
      0.49          0          0          0
       0.5          0          0          0
      0.51          0          0          0
      0.52          0          0          0
      0.53          0          0          0
      0.54          0          0          0
      0.55          0          0          0
      0.56          0          0          0
      0.57          0          0          0
      0.58          0          0          0
      0.59          0          0          0
       0.6          0          0          0
      0.61          0          0          0
      0.62          0          0          0
      0.63          0          0          0
      0.64          0          0          0
      0.65          0          0          0
      0.66          0          0          0
      0.67          0          0          0
      0.68          0          0          0
      0.69          0          0          0
       0.7          0          0          0
      0.71          0          0          0
      0.72          0          0          0
      0.73          0          0          0
      0.74          0          0          0
      0.75          0          0          0
      0.76          0          0          0
      0.77          0          0          0
      0.78          0          0          0
      0.79          0          0          0
       0.8          0          0          0
      0.81          0          0          0
      0.82          0          0          0
      0.83          0          0          0
      0.84          0          0          0
      0.85          0          0          0
      0.86          0          0          0
      0.87          0          0          0
      0.88          0          0          0
      0.89          0          0          0
       0.9          0          0          0
      0.91          0          0          0
      0.92          0          0          0
      0.93          0          0          0
      0.94          0          0          0
      0.95          0          0          0
      0.96          0          0          0
      0.97          0          0          0
      0.98          0          0          0
      0.99          0          0          0
