         0          1   0.331079    0.49746
      0.01   0.926966   0.294408   0.446883
      0.02   0.926966   0.294408   0.446883
      0.03   0.926966   0.294383   0.446855
      0.04   0.926593   0.294713   0.447191
      0.05   0.925514   0.294753   0.447113
      0.06   0.922611   0.295475   0.447601
      0.07   0.918588   0.296501   0.448301
      0.08   0.904114   0.300216   0.450756
      0.09   0.884663   0.302911   0.451296
       0.1   0.855674   0.305489   0.450236
      0.11   0.816398   0.314346   0.453916
      0.12   0.793547   0.321817   0.457925
      0.13   0.751991   0.334042   0.462595
      0.14   0.719185   0.343658    0.46508
      0.15   0.677339   0.362096   0.471914
      0.16   0.636073   0.367809   0.466097
      0.17   0.592485   0.384011   0.465994
      0.18   0.560178   0.389597   0.459569
      0.19    0.50788   0.394855   0.444292
       0.2   0.471923   0.401781   0.434037
      0.21    0.42116   0.419375   0.420265
      0.22   0.363761   0.423975   0.391567
      0.23   0.331121    0.42743   0.373162
      0.24   0.287243   0.436073   0.346346
      0.25   0.260368   0.428283   0.323854
      0.26   0.217361   0.416891   0.285741
      0.27   0.182979   0.413607   0.253715
      0.28   0.147064   0.428356   0.218955
      0.29   0.122802   0.418216   0.189856
       0.3  0.0827389      0.392   0.136638
      0.31  0.0677256    0.36803   0.114399
      0.32  0.0505972   0.333333  0.0878583
      0.33  0.0323076   0.316832   0.058636
      0.34  0.0153865   0.236364  0.0288923
      0.35  0.0066357   0.227273  0.0128949
      0.36 0.00286165   0.153846 0.00561878
      0.37 0.00252986   0.333333 0.00502161
      0.38          0          0          0
      0.39          0          0          0
       0.4          0          0          0
      0.41          0          0          0
      0.42          0          0          0
      0.43          0          0          0
      0.44          0          0          0
      0.45          0          0          0
      0.46          0          0          0
      0.47          0          0          0
      0.48          0          0          0
      0.49          0          0          0
       0.5          0          0          0
      0.51          0          0          0
      0.52          0          0          0
      0.53          0          0          0
      0.54          0          0          0
      0.55          0          0          0
      0.56          0          0          0
      0.57          0          0          0
      0.58          0          0          0
      0.59          0          0          0
       0.6          0          0          0
      0.61          0          0          0
      0.62          0          0          0
      0.63          0          0          0
      0.64          0          0          0
      0.65          0          0          0
      0.66          0          0          0
      0.67          0          0          0
      0.68          0          0          0
      0.69          0          0          0
       0.7          0          0          0
      0.71          0          0          0
      0.72          0          0          0
      0.73          0          0          0
      0.74          0          0          0
      0.75          0          0          0
      0.76          0          0          0
      0.77          0          0          0
      0.78          0          0          0
      0.79          0          0          0
       0.8          0          0          0
      0.81          0          0          0
      0.82          0          0          0
      0.83          0          0          0
      0.84          0          0          0
      0.85          0          0          0
      0.86          0          0          0
      0.87          0          0          0
      0.88          0          0          0
      0.89          0          0          0
       0.9          0          0          0
      0.91          0          0          0
      0.92          0          0          0
      0.93          0          0          0
      0.94          0          0          0
      0.95          0          0          0
      0.96          0          0          0
      0.97          0          0          0
      0.98          0          0          0
      0.99          0          0          0
