         0          1   0.339259   0.506637
      0.01   0.985814   0.779661   0.870701
      0.02   0.981136   0.833497   0.901311
      0.03   0.970545   0.856984   0.910236
      0.04   0.935485   0.883746    0.90888
      0.05   0.906765   0.891657   0.899148
      0.06   0.844646   0.898443   0.870714
      0.07   0.805373   0.905713   0.852601
      0.08    0.74913   0.920009   0.825823
      0.09   0.710437   0.929518   0.805344
       0.1   0.662775   0.937425   0.776531
      0.11   0.591767   0.943009   0.727196
      0.12   0.519598    0.94337   0.670108
      0.13   0.404986   0.944954   0.566978
      0.14   0.343873   0.951347   0.505154
      0.15   0.297101   0.956357   0.453361
      0.16   0.261925   0.954913   0.411091
      0.17   0.185273    0.94745   0.309937
      0.18   0.152996   0.951128   0.263591
      0.19   0.110205   0.946341    0.19742
       0.2  0.0866641   0.953757    0.15889
      0.21  0.0689988   0.946237   0.128619
      0.22  0.0580982   0.951754   0.109511
      0.23  0.0533436   0.955224   0.101045
      0.24  0.0337457   0.949367  0.0651746
      0.25  0.0315423    0.94964  0.0610567
      0.26   0.027097   0.946429  0.0526856
      0.27  0.0247391    0.93617  0.0482043
      0.28  0.0182451   0.911765  0.0357743
      0.29  0.0168922   0.882353  0.0331497
       0.3  0.0112486   0.842105  0.0222006
      0.31  0.0100503    0.83871  0.0198625
      0.32 0.00699652   0.789474  0.0138701
      0.33 0.00351759   0.727273 0.00700131
      0.34 0.00212601        0.5 0.00423403
      0.35          0          0          0
      0.36          0          0          0
      0.37          0          0          0
      0.38          0          0          0
      0.39          0          0          0
       0.4          0          0          0
      0.41          0          0          0
      0.42          0          0          0
      0.43          0          0          0
      0.44          0          0          0
      0.45          0          0          0
      0.46          0          0          0
      0.47          0          0          0
      0.48          0          0          0
      0.49          0          0          0
       0.5          0          0          0
      0.51          0          0          0
      0.52          0          0          0
      0.53          0          0          0
      0.54          0          0          0
      0.55          0          0          0
      0.56          0          0          0
      0.57          0          0          0
      0.58          0          0          0
      0.59          0          0          0
       0.6          0          0          0
      0.61          0          0          0
      0.62          0          0          0
      0.63          0          0          0
      0.64          0          0          0
      0.65          0          0          0
      0.66          0          0          0
      0.67          0          0          0
      0.68          0          0          0
      0.69          0          0          0
       0.7          0          0          0
      0.71          0          0          0
      0.72          0          0          0
      0.73          0          0          0
      0.74          0          0          0
      0.75          0          0          0
      0.76          0          0          0
      0.77          0          0          0
      0.78          0          0          0
      0.79          0          0          0
       0.8          0          0          0
      0.81          0          0          0
      0.82          0          0          0
      0.83          0          0          0
      0.84          0          0          0
      0.85          0          0          0
      0.86          0          0          0
      0.87          0          0          0
      0.88          0          0          0
      0.89          0          0          0
       0.9          0          0          0
      0.91          0          0          0
      0.92          0          0          0
      0.93          0          0          0
      0.94          0          0          0
      0.95          0          0          0
      0.96          0          0          0
      0.97          0          0          0
      0.98          0          0          0
      0.99          0          0          0
