         0          1   0.172013   0.293534
      0.01   0.977912   0.217941   0.356444
      0.02   0.972318   0.239234    0.38399
      0.03   0.954317   0.283569   0.437221
      0.04   0.908133   0.376109    0.53192
      0.05   0.876291    0.43503   0.581418
      0.06   0.811819   0.497008   0.616553
      0.07   0.763196   0.532764   0.627493
      0.08    0.69901    0.57485    0.63088
      0.09   0.661073   0.594093   0.625796
       0.1   0.591437   0.601799   0.596573
      0.11    0.52761   0.601736    0.56224
      0.12     0.4678   0.592694   0.522892
      0.13   0.406627   0.577385    0.47719
      0.14   0.363095   0.565157   0.442134
      0.15   0.324154   0.542536   0.405832
      0.16   0.295539   0.517699   0.376274
      0.17   0.260542   0.485178   0.339026
      0.18   0.236015   0.462924   0.312637
      0.19   0.208333   0.428902   0.280444
       0.2   0.195138   0.406716   0.263737
      0.21   0.167599   0.369444    0.23059
      0.22   0.147232   0.309487   0.199538
      0.23   0.116968   0.263423   0.162002
      0.24  0.0845525   0.202627   0.119316
      0.25  0.0696357   0.163306  0.0976376
      0.26  0.0440333   0.107226  0.0624294
      0.27  0.0322719  0.0769231  0.0454683
      0.28  0.0200803  0.0432277  0.0274223
      0.29  0.0123351  0.0289389  0.0172972
       0.3 0.00810384  0.0240385  0.0121213
      0.31          0          0          0
      0.32          0          0          0
      0.33          0          0          0
      0.34          0          0          0
      0.35          0          0          0
      0.36          0          0          0
      0.37          0          0          0
      0.38          0          0          0
      0.39          0          0          0
       0.4          0          0          0
      0.41          0          0          0
      0.42          0          0          0
      0.43          0          0          0
      0.44          0          0          0
      0.45          0          0          0
      0.46          0          0          0
      0.47          0          0          0
      0.48          0          0          0
      0.49          0          0          0
       0.5          0          0          0
      0.51          0          0          0
      0.52          0          0          0
      0.53          0          0          0
      0.54          0          0          0
      0.55          0          0          0
      0.56          0          0          0
      0.57          0          0          0
      0.58          0          0          0
      0.59          0          0          0
       0.6          0          0          0
      0.61          0          0          0
      0.62          0          0          0
      0.63          0          0          0
      0.64          0          0          0
      0.65          0          0          0
      0.66          0          0          0
      0.67          0          0          0
      0.68          0          0          0
      0.69          0          0          0
       0.7          0          0          0
      0.71          0          0          0
      0.72          0          0          0
      0.73          0          0          0
      0.74          0          0          0
      0.75          0          0          0
      0.76          0          0          0
      0.77          0          0          0
      0.78          0          0          0
      0.79          0          0          0
       0.8          0          0          0
      0.81          0          0          0
      0.82          0          0          0
      0.83          0          0          0
      0.84          0          0          0
      0.85          0          0          0
      0.86          0          0          0
      0.87          0          0          0
      0.88          0          0          0
      0.89          0          0          0
       0.9          0          0          0
      0.91          0          0          0
      0.92          0          0          0
      0.93          0          0          0
      0.94          0          0          0
      0.95          0          0          0
      0.96          0          0          0
      0.97          0          0          0
      0.98          0          0          0
      0.99          0          0          0
