         0          1   0.171113   0.292223
      0.01   0.971423   0.142963   0.249245
      0.02   0.971137   0.143689   0.250339
      0.03    0.97009   0.145767   0.253451
      0.04   0.963898   0.157936   0.271403
      0.05   0.956849   0.170341   0.289198
      0.06   0.928367    0.19709   0.325151
      0.07   0.894361   0.218137    0.35073
      0.08   0.792341   0.259978     0.3915
      0.09   0.729949   0.293064   0.418219
       0.1   0.668889    0.35393   0.462917
      0.11   0.599448   0.411818   0.488227
      0.12   0.555249   0.451114   0.497793
      0.13   0.479996   0.493808   0.486804
      0.14   0.424271   0.530167   0.471344
      0.15   0.349781   0.584973   0.437789
      0.16   0.317489   0.621179   0.420207
      0.17   0.269766   0.648729   0.381069
      0.18   0.232902    0.67963   0.346918
      0.19   0.189274   0.746736   0.302001
       0.2   0.170128   0.772727    0.27886
      0.21   0.142313   0.791045   0.241228
      0.22   0.102496   0.842593    0.18276
      0.23   0.100019   0.913043   0.180288
      0.24  0.0944942   0.957831   0.172018
      0.25  0.0906839   0.980263    0.16601
      0.26   0.079539   0.977273   0.147105
      0.27   0.079539   0.991935   0.147269
      0.28  0.0755382          1   0.140466
      0.29  0.0596304          1   0.112549
       0.3  0.0540103          1   0.102485
      0.31  0.0462945          1  0.0884924
      0.32  0.0429606          1   0.082382
      0.33  0.0327681          1  0.0634569
      0.34  0.0228615          1  0.0447011
      0.35  0.0158125          1  0.0311328
      0.36   0.015241          1  0.0300244
      0.37 0.00552486          1   0.010989
      0.38 0.00485807          1 0.00966916
      0.39          0          0          0
       0.4          0          0          0
      0.41          0          0          0
      0.42          0          0          0
      0.43          0          0          0
      0.44          0          0          0
      0.45          0          0          0
      0.46          0          0          0
      0.47          0          0          0
      0.48          0          0          0
      0.49          0          0          0
       0.5          0          0          0
      0.51          0          0          0
      0.52          0          0          0
      0.53          0          0          0
      0.54          0          0          0
      0.55          0          0          0
      0.56          0          0          0
      0.57          0          0          0
      0.58          0          0          0
      0.59          0          0          0
       0.6          0          0          0
      0.61          0          0          0
      0.62          0          0          0
      0.63          0          0          0
      0.64          0          0          0
      0.65          0          0          0
      0.66          0          0          0
      0.67          0          0          0
      0.68          0          0          0
      0.69          0          0          0
       0.7          0          0          0
      0.71          0          0          0
      0.72          0          0          0
      0.73          0          0          0
      0.74          0          0          0
      0.75          0          0          0
      0.76          0          0          0
      0.77          0          0          0
      0.78          0          0          0
      0.79          0          0          0
       0.8          0          0          0
      0.81          0          0          0
      0.82          0          0          0
      0.83          0          0          0
      0.84          0          0          0
      0.85          0          0          0
      0.86          0          0          0
      0.87          0          0          0
      0.88          0          0          0
      0.89          0          0          0
       0.9          0          0          0
      0.91          0          0          0
      0.92          0          0          0
      0.93          0          0          0
      0.94          0          0          0
      0.95          0          0          0
      0.96          0          0          0
      0.97          0          0          0
      0.98          0          0          0
      0.99          0          0          0
