         0          1   0.391539   0.562742
      0.01   0.878574   0.480149   0.620945
      0.02   0.873283   0.483566   0.622457
      0.03   0.857023   0.492377   0.625431
      0.04   0.805404   0.513754   0.627339
      0.05    0.73791   0.532991    0.61893
      0.06   0.633621   0.563324   0.596408
      0.07   0.576605   0.586743    0.58163
      0.08   0.499439   0.636117   0.559553
      0.09   0.452621   0.676633   0.542409
       0.1   0.402474    0.74483   0.522573
      0.11   0.361298   0.813181   0.500308
      0.12   0.325764   0.853966   0.471619
      0.13   0.287251   0.904025   0.435973
      0.14   0.253855   0.919017   0.397822
      0.15   0.223507   0.947308    0.36168
      0.16   0.208263   0.959424   0.342237
      0.17   0.186291   0.969136    0.31251
      0.18   0.171117   0.967014    0.29078
      0.19   0.149145   0.967347   0.258443
       0.2    0.13688   0.971765    0.23996
      0.21   0.110562   0.982249   0.198753
      0.22  0.0925147   0.992366   0.169251
      0.23  0.0797239   0.995413   0.147624
      0.24  0.0618867   0.994286   0.116521
      0.25  0.0547028          1   0.103731
      0.26  0.0449958          1  0.0861167
      0.27  0.0360948          1  0.0696746
      0.28  0.0254065          1   0.049554
      0.29   0.024215          1   0.047285
       0.3 0.00918138          1  0.0181957
      0.31 0.00686852          1  0.0136433
      0.32 0.00445052          1  0.0088616
      0.33 0.00157696          1 0.00314895
      0.34          0          0          0
      0.35          0          0          0
      0.36          0          0          0
      0.37          0          0          0
      0.38          0          0          0
      0.39          0          0          0
       0.4          0          0          0
      0.41          0          0          0
      0.42          0          0          0
      0.43          0          0          0
      0.44          0          0          0
      0.45          0          0          0
      0.46          0          0          0
      0.47          0          0          0
      0.48          0          0          0
      0.49          0          0          0
       0.5          0          0          0
      0.51          0          0          0
      0.52          0          0          0
      0.53          0          0          0
      0.54          0          0          0
      0.55          0          0          0
      0.56          0          0          0
      0.57          0          0          0
      0.58          0          0          0
      0.59          0          0          0
       0.6          0          0          0
      0.61          0          0          0
      0.62          0          0          0
      0.63          0          0          0
      0.64          0          0          0
      0.65          0          0          0
      0.66          0          0          0
      0.67          0          0          0
      0.68          0          0          0
      0.69          0          0          0
       0.7          0          0          0
      0.71          0          0          0
      0.72          0          0          0
      0.73          0          0          0
      0.74          0          0          0
      0.75          0          0          0
      0.76          0          0          0
      0.77          0          0          0
      0.78          0          0          0
      0.79          0          0          0
       0.8          0          0          0
      0.81          0          0          0
      0.82          0          0          0
      0.83          0          0          0
      0.84          0          0          0
      0.85          0          0          0
      0.86          0          0          0
      0.87          0          0          0
      0.88          0          0          0
      0.89          0          0          0
       0.9          0          0          0
      0.91          0          0          0
      0.92          0          0          0
      0.93          0          0          0
      0.94          0          0          0
      0.95          0          0          0
      0.96          0          0          0
      0.97          0          0          0
      0.98          0          0          0
      0.99          0          0          0
