         0          1   0.216663    0.35616
      0.01   0.998007   0.700575    0.82325
      0.02   0.997554    0.71497   0.832947
      0.03   0.995788   0.734793    0.84561
      0.04   0.987908   0.766869   0.863467
      0.05   0.984466   0.793709   0.878855
      0.06   0.982201   0.841586   0.906473
      0.07   0.980842   0.875983   0.925452
      0.08   0.976313   0.916758   0.945599
      0.09   0.973551   0.938761    0.95584
       0.1   0.965353   0.961594    0.96347
      0.11   0.962319   0.975764   0.968995
      0.12   0.958152   0.983723   0.970769
      0.13   0.941757   0.989118   0.964857
      0.14   0.937455   0.991652   0.963792
      0.15   0.922917    0.99508   0.957641
      0.16   0.895652   0.996439   0.943361
      0.17   0.852853   0.998258   0.919845
      0.18   0.832654   0.999268   0.908384
      0.19   0.784103          1   0.878989
       0.2   0.766304          1   0.867692
      0.21   0.725815          1   0.841127
      0.22   0.683152          1   0.811753
      0.23   0.641803          1   0.781827
      0.24   0.594293          1   0.745526
      0.25   0.556522          1   0.715084
      0.26   0.517844          1   0.682342
      0.27   0.478714          1   0.647473
      0.28   0.407473          1   0.579013
      0.29   0.359284          1   0.528638
       0.3    0.27894          1   0.436205
      0.31   0.149185          1   0.259636
      0.32   0.100861          1   0.183239
      0.33   0.057654          1   0.109022
      0.34  0.0209692          1  0.0410771
      0.35          0          0          0
      0.36          0          0          0
      0.37          0          0          0
      0.38          0          0          0
      0.39          0          0          0
       0.4          0          0          0
      0.41          0          0          0
      0.42          0          0          0
      0.43          0          0          0
      0.44          0          0          0
      0.45          0          0          0
      0.46          0          0          0
      0.47          0          0          0
      0.48          0          0          0
      0.49          0          0          0
       0.5          0          0          0
      0.51          0          0          0
      0.52          0          0          0
      0.53          0          0          0
      0.54          0          0          0
      0.55          0          0          0
      0.56          0          0          0
      0.57          0          0          0
      0.58          0          0          0
      0.59          0          0          0
       0.6          0          0          0
      0.61          0          0          0
      0.62          0          0          0
      0.63          0          0          0
      0.64          0          0          0
      0.65          0          0          0
      0.66          0          0          0
      0.67          0          0          0
      0.68          0          0          0
      0.69          0          0          0
       0.7          0          0          0
      0.71          0          0          0
      0.72          0          0          0
      0.73          0          0          0
      0.74          0          0          0
      0.75          0          0          0
      0.76          0          0          0
      0.77          0          0          0
      0.78          0          0          0
      0.79          0          0          0
       0.8          0          0          0
      0.81          0          0          0
      0.82          0          0          0
      0.83          0          0          0
      0.84          0          0          0
      0.85          0          0          0
      0.86          0          0          0
      0.87          0          0          0
      0.88          0          0          0
      0.89          0          0          0
       0.9          0          0          0
      0.91          0          0          0
      0.92          0          0          0
      0.93          0          0          0
      0.94          0          0          0
      0.95          0          0          0
      0.96          0          0          0
      0.97          0          0          0
      0.98          0          0          0
      0.99          0          0          0
