         0          1   0.205491   0.340925
      0.01    0.95417   0.301636    0.45837
      0.02   0.944088    0.31826   0.476042
      0.03   0.896925   0.337828   0.490797
      0.04   0.790684   0.379191   0.512568
      0.05   0.710524   0.415263   0.524174
      0.06   0.617615   0.489574   0.546191
      0.07   0.587868   0.555388   0.571167
      0.08   0.530206   0.640268   0.580062
      0.09   0.501958   0.686823   0.580016
       0.1    0.44413   0.753661   0.558901
      0.11   0.384385   0.811989    0.52177
      0.12   0.326389   0.833024   0.469013
      0.13   0.232564   0.860182   0.366137
      0.14   0.183401      0.875   0.303243
      0.15    0.12474   0.895706   0.218983
      0.16   0.088576   0.923729   0.161651
      0.17  0.0639947   0.954023   0.119944
      0.18  0.0511624   0.986111  0.0972777
      0.19  0.0415799   0.984848   0.079791
       0.2  0.0374969   0.983333  0.0722391
      0.21  0.0318307          1  0.0616975
      0.22  0.0309974          1  0.0601309
      0.23  0.0284143          1  0.0552585
      0.24  0.0207483          1  0.0406531
      0.25  0.0207483          1  0.0406531
      0.26   0.019665          1  0.0385715
      0.27  0.0187484          1  0.0368068
      0.28   0.016082          1  0.0316549
      0.29  0.0125823          1  0.0248519
       0.3 0.00924923          1  0.0183289
      0.31 0.00516624          1  0.0102794
      0.32 0.00516624          1  0.0102794
      0.33 0.00374969          1 0.00747136
      0.34          0          0          0
      0.35          0          0          0
      0.36          0          0          0
      0.37          0          0          0
      0.38          0          0          0
      0.39          0          0          0
       0.4          0          0          0
      0.41          0          0          0
      0.42          0          0          0
      0.43          0          0          0
      0.44          0          0          0
      0.45          0          0          0
      0.46          0          0          0
      0.47          0          0          0
      0.48          0          0          0
      0.49          0          0          0
       0.5          0          0          0
      0.51          0          0          0
      0.52          0          0          0
      0.53          0          0          0
      0.54          0          0          0
      0.55          0          0          0
      0.56          0          0          0
      0.57          0          0          0
      0.58          0          0          0
      0.59          0          0          0
       0.6          0          0          0
      0.61          0          0          0
      0.62          0          0          0
      0.63          0          0          0
      0.64          0          0          0
      0.65          0          0          0
      0.66          0          0          0
      0.67          0          0          0
      0.68          0          0          0
      0.69          0          0          0
       0.7          0          0          0
      0.71          0          0          0
      0.72          0          0          0
      0.73          0          0          0
      0.74          0          0          0
      0.75          0          0          0
      0.76          0          0          0
      0.77          0          0          0
      0.78          0          0          0
      0.79          0          0          0
       0.8          0          0          0
      0.81          0          0          0
      0.82          0          0          0
      0.83          0          0          0
      0.84          0          0          0
      0.85          0          0          0
      0.86          0          0          0
      0.87          0          0          0
      0.88          0          0          0
      0.89          0          0          0
       0.9          0          0          0
      0.91          0          0          0
      0.92          0          0          0
      0.93          0          0          0
      0.94          0          0          0
      0.95          0          0          0
      0.96          0          0          0
      0.97          0          0          0
      0.98          0          0          0
      0.99          0          0          0
