         0          1   0.214804   0.353644
      0.01   0.941927   0.489637   0.644334
      0.02   0.889229   0.628153   0.736231
      0.03   0.863999   0.701278   0.774181
      0.04   0.801672    0.76929   0.785147
      0.05   0.760096   0.787711   0.773657
      0.06   0.681645   0.810193   0.740381
      0.07    0.63768   0.814625   0.715373
      0.08   0.562439   0.819505   0.667063
      0.09   0.501232   0.824049   0.623324
       0.1    0.42614   0.827565   0.562586
      0.11   0.390834   0.836925   0.532839
      0.12   0.369411   0.849206   0.514856
      0.13   0.331044   0.857404   0.477663
      0.14   0.319176   0.862919   0.465991
      0.15   0.305889   0.893957   0.455812
      0.16   0.295215   0.899371   0.444519
      0.17   0.265507   0.899259    0.40997
      0.18   0.250728   0.890785   0.391313
      0.19   0.210346    0.89738   0.340806
       0.2     0.1884    0.89801   0.311458
      0.21   0.168247   0.916923   0.284323
      0.22   0.147122   0.914397   0.253464
      0.23   0.128462   0.907407   0.225061
      0.24   0.106516   0.904459   0.190588
      0.25  0.0974099   0.891473   0.175629
      0.26  0.0797193   0.913978   0.146648
      0.27  0.0682989   0.945205   0.127393
      0.28  0.0409047   0.954545  0.0784477
      0.29    0.03665   0.969697  0.0706305
       0.3  0.0279167          1   0.054317
      0.31  0.0211241          1  0.0413743
      0.32  0.0196313          1  0.0385066
      0.33          0          0          0
      0.34          0          0          0
      0.35          0          0          0
      0.36          0          0          0
      0.37          0          0          0
      0.38          0          0          0
      0.39          0          0          0
       0.4          0          0          0
      0.41          0          0          0
      0.42          0          0          0
      0.43          0          0          0
      0.44          0          0          0
      0.45          0          0          0
      0.46          0          0          0
      0.47          0          0          0
      0.48          0          0          0
      0.49          0          0          0
       0.5          0          0          0
      0.51          0          0          0
      0.52          0          0          0
      0.53          0          0          0
      0.54          0          0          0
      0.55          0          0          0
      0.56          0          0          0
      0.57          0          0          0
      0.58          0          0          0
      0.59          0          0          0
       0.6          0          0          0
      0.61          0          0          0
      0.62          0          0          0
      0.63          0          0          0
      0.64          0          0          0
      0.65          0          0          0
      0.66          0          0          0
      0.67          0          0          0
      0.68          0          0          0
      0.69          0          0          0
       0.7          0          0          0
      0.71          0          0          0
      0.72          0          0          0
      0.73          0          0          0
      0.74          0          0          0
      0.75          0          0          0
      0.76          0          0          0
      0.77          0          0          0
      0.78          0          0          0
      0.79          0          0          0
       0.8          0          0          0
      0.81          0          0          0
      0.82          0          0          0
      0.83          0          0          0
      0.84          0          0          0
      0.85          0          0          0
      0.86          0          0          0
      0.87          0          0          0
      0.88          0          0          0
      0.89          0          0          0
       0.9          0          0          0
      0.91          0          0          0
      0.92          0          0          0
      0.93          0          0          0
      0.94          0          0          0
      0.95          0          0          0
      0.96          0          0          0
      0.97          0          0          0
      0.98          0          0          0
      0.99          0          0          0
