         0          1   0.406617   0.578148
      0.01   0.917314   0.575035   0.706923
      0.02   0.902727   0.602179   0.722441
      0.03   0.869233   0.633239   0.732702
      0.04   0.791105   0.675248     0.7286
      0.05   0.729665   0.696395   0.712642
      0.06   0.648089   0.736936   0.689663
      0.07   0.581972   0.762802   0.660229
      0.08   0.485175   0.812482    0.60755
      0.09    0.44629    0.83226   0.581016
       0.1   0.367528    0.85947   0.514882
      0.11   0.305256    0.87274   0.452309
      0.12   0.254876   0.887337   0.396004
      0.13   0.190344   0.934192   0.316251
      0.14    0.15459    0.92976   0.265102
      0.15   0.119986   0.936111   0.212708
      0.16  0.0937054   0.956522   0.170689
      0.17  0.0669494    0.95122   0.125094
      0.18  0.0546218   0.962733   0.103378
      0.19  0.0472094   0.991597   0.090128
       0.2  0.0346837          1  0.0670421
      0.21  0.0276677          1  0.0538456
      0.22  0.0174806          1  0.0343605
      0.23  0.0132393          1  0.0261325
      0.24  0.0108213          1  0.0214109
      0.25 0.00832408          1  0.0165107
      0.26  0.0043206          1 0.00860402
      0.27 0.00408277          1 0.00813233
      0.28 0.00130807          1 0.00261272
      0.29          0          0          0
       0.3          0          0          0
      0.31          0          0          0
      0.32          0          0          0
      0.33          0          0          0
      0.34          0          0          0
      0.35          0          0          0
      0.36          0          0          0
      0.37          0          0          0
      0.38          0          0          0
      0.39          0          0          0
       0.4          0          0          0
      0.41          0          0          0
      0.42          0          0          0
      0.43          0          0          0
      0.44          0          0          0
      0.45          0          0          0
      0.46          0          0          0
      0.47          0          0          0
      0.48          0          0          0
      0.49          0          0          0
       0.5          0          0          0
      0.51          0          0          0
      0.52          0          0          0
      0.53          0          0          0
      0.54          0          0          0
      0.55          0          0          0
      0.56          0          0          0
      0.57          0          0          0
      0.58          0          0          0
      0.59          0          0          0
       0.6          0          0          0
      0.61          0          0          0
      0.62          0          0          0
      0.63          0          0          0
      0.64          0          0          0
      0.65          0          0          0
      0.66          0          0          0
      0.67          0          0          0
      0.68          0          0          0
      0.69          0          0          0
       0.7          0          0          0
      0.71          0          0          0
      0.72          0          0          0
      0.73          0          0          0
      0.74          0          0          0
      0.75          0          0          0
      0.76          0          0          0
      0.77          0          0          0
      0.78          0          0          0
      0.79          0          0          0
       0.8          0          0          0
      0.81          0          0          0
      0.82          0          0          0
      0.83          0          0          0
      0.84          0          0          0
      0.85          0          0          0
      0.86          0          0          0
      0.87          0          0          0
      0.88          0          0          0
      0.89          0          0          0
       0.9          0          0          0
      0.91          0          0          0
      0.92          0          0          0
      0.93          0          0          0
      0.94          0          0          0
      0.95          0          0          0
      0.96          0          0          0
      0.97          0          0          0
      0.98          0          0          0
      0.99          0          0          0
