         0          1   0.364376   0.534128
      0.01   0.952966   0.406059   0.569467
      0.02   0.952862   0.406339   0.569725
      0.03   0.951308   0.407626   0.570709
      0.04   0.945247   0.416785   0.578496
      0.05   0.933644   0.428472   0.587381
      0.06   0.893136   0.451048   0.599393
      0.07   0.865268   0.473474    0.61204
      0.08   0.804817   0.511217   0.625267
      0.09   0.758456   0.536524   0.628473
       0.1   0.685107   0.571596   0.623226
      0.11    0.60922   0.601187   0.605177
      0.12   0.572805    0.61738   0.594258
      0.13   0.514375    0.64166    0.57101
      0.14   0.473867   0.654681   0.549789
      0.15   0.417508    0.66712   0.513592
      0.16   0.382336   0.675476   0.488289
      0.17   0.339808    0.69038   0.455445
      0.18   0.317534   0.700084   0.436904
      0.19   0.287749   0.711191   0.409724
       0.2   0.271225   0.713174   0.392992
      0.21   0.239472   0.724852   0.360007
      0.22   0.209687    0.73873   0.326654
      0.23   0.194457   0.753233   0.309113
      0.24   0.164517   0.755994   0.270228
      0.25   0.137063   0.761989   0.232335
      0.26   0.113546   0.780549   0.198252
      0.27  0.0947941   0.762821   0.168633
      0.28  0.0687387   0.776699     0.1263
      0.29  0.0609169   0.796178   0.113175
       0.3  0.0394716   0.816327  0.0753022
      0.31  0.0241906   0.803571  0.0469673
      0.32  0.0169386   0.823529  0.0331945
      0.33 0.00538721   0.833333  0.0107052
      0.34  0.0047656   0.909091 0.00948151
      0.35  0.0029008          1 0.00578483
      0.36  0.0013468          1 0.00268998
      0.37          0          0          0
      0.38          0          0          0
      0.39          0          0          0
       0.4          0          0          0
      0.41          0          0          0
      0.42          0          0          0
      0.43          0          0          0
      0.44          0          0          0
      0.45          0          0          0
      0.46          0          0          0
      0.47          0          0          0
      0.48          0          0          0
      0.49          0          0          0
       0.5          0          0          0
      0.51          0          0          0
      0.52          0          0          0
      0.53          0          0          0
      0.54          0          0          0
      0.55          0          0          0
      0.56          0          0          0
      0.57          0          0          0
      0.58          0          0          0
      0.59          0          0          0
       0.6          0          0          0
      0.61          0          0          0
      0.62          0          0          0
      0.63          0          0          0
      0.64          0          0          0
      0.65          0          0          0
      0.66          0          0          0
      0.67          0          0          0
      0.68          0          0          0
      0.69          0          0          0
       0.7          0          0          0
      0.71          0          0          0
      0.72          0          0          0
      0.73          0          0          0
      0.74          0          0          0
      0.75          0          0          0
      0.76          0          0          0
      0.77          0          0          0
      0.78          0          0          0
      0.79          0          0          0
       0.8          0          0          0
      0.81          0          0          0
      0.82          0          0          0
      0.83          0          0          0
      0.84          0          0          0
      0.85          0          0          0
      0.86          0          0          0
      0.87          0          0          0
      0.88          0          0          0
      0.89          0          0          0
       0.9          0          0          0
      0.91          0          0          0
      0.92          0          0          0
      0.93          0          0          0
      0.94          0          0          0
      0.95          0          0          0
      0.96          0          0          0
      0.97          0          0          0
      0.98          0          0          0
      0.99          0          0          0
