         0          1   0.374026   0.544424
      0.01   0.750223   0.331769   0.460079
      0.02   0.750104   0.331751   0.460039
      0.03   0.749687     0.3332   0.461352
      0.04    0.74778   0.336365    0.46401
      0.05   0.744027   0.337882   0.464722
      0.06   0.734255   0.339793   0.464588
      0.07   0.721921   0.338051   0.460476
      0.08   0.688256   0.337415   0.452831
      0.09   0.668236   0.335714   0.446907
       0.1   0.625514    0.33266   0.434333
      0.11   0.581303   0.328073    0.41943
      0.12   0.549783   0.324473   0.408095
      0.13   0.495263   0.321097   0.389602
      0.14   0.456653   0.321646    0.37744
      0.15   0.383483   0.321182   0.349578
      0.16    0.34958   0.323873   0.336236
      0.17   0.279986   0.332923   0.304168
      0.18   0.239171   0.344457   0.282317
      0.19   0.193529   0.370847   0.254333
       0.2   0.173568   0.399865   0.242065
      0.21    0.15331   0.441839   0.227635
      0.22   0.121969   0.494652   0.195686
      0.23   0.100518   0.532646   0.169121
      0.24  0.0851457   0.622549   0.149803
      0.25  0.0759101   0.695925   0.136889
      0.26  0.0604183   0.742991   0.111749
      0.27  0.0540428    0.81761   0.101384
      0.28   0.047846   0.909091  0.0909075
      0.29  0.0377763   0.930556  0.0726052
       0.3  0.0268724    0.97619   0.052305
      0.31  0.0175177          1  0.0344323
      0.32  0.0115593          1  0.0228545
      0.33 0.00923554          1   0.018302
      0.34 0.00345588          1 0.00688795
      0.35 0.00274087          1 0.00546675
      0.36 0.00125127          1  0.0024994
      0.37          0          0          0
      0.38          0          0          0
      0.39          0          0          0
       0.4          0          0          0
      0.41          0          0          0
      0.42          0          0          0
      0.43          0          0          0
      0.44          0          0          0
      0.45          0          0          0
      0.46          0          0          0
      0.47          0          0          0
      0.48          0          0          0
      0.49          0          0          0
       0.5          0          0          0
      0.51          0          0          0
      0.52          0          0          0
      0.53          0          0          0
      0.54          0          0          0
      0.55          0          0          0
      0.56          0          0          0
      0.57          0          0          0
      0.58          0          0          0
      0.59          0          0          0
       0.6          0          0          0
      0.61          0          0          0
      0.62          0          0          0
      0.63          0          0          0
      0.64          0          0          0
      0.65          0          0          0
      0.66          0          0          0
      0.67          0          0          0
      0.68          0          0          0
      0.69          0          0          0
       0.7          0          0          0
      0.71          0          0          0
      0.72          0          0          0
      0.73          0          0          0
      0.74          0          0          0
      0.75          0          0          0
      0.76          0          0          0
      0.77          0          0          0
      0.78          0          0          0
      0.79          0          0          0
       0.8          0          0          0
      0.81          0          0          0
      0.82          0          0          0
      0.83          0          0          0
      0.84          0          0          0
      0.85          0          0          0
      0.86          0          0          0
      0.87          0          0          0
      0.88          0          0          0
      0.89          0          0          0
       0.9          0          0          0
      0.91          0          0          0
      0.92          0          0          0
      0.93          0          0          0
      0.94          0          0          0
      0.95          0          0          0
      0.96          0          0          0
      0.97          0          0          0
      0.98          0          0          0
      0.99          0          0          0
