         0          1   0.176767   0.300428
      0.01   0.976128   0.245264   0.392027
      0.02   0.976083   0.246566   0.393684
      0.03   0.976083   0.251535   0.399992
      0.04   0.975414   0.265547   0.417448
      0.05   0.974164   0.280413   0.435475
      0.06   0.963812    0.30354    0.46168
      0.07   0.932533   0.316106   0.472161
      0.08   0.890411   0.341785   0.493963
      0.09   0.878185   0.361451    0.51212
       0.1   0.851278   0.388785   0.533786
      0.11   0.799295   0.419506   0.550228
      0.12    0.78158   0.447413   0.569067
      0.13   0.776717    0.49306   0.603205
      0.14   0.771496   0.525123   0.624903
      0.15   0.761189   0.568082   0.650609
      0.16   0.757351   0.598888   0.668862
      0.17   0.753023   0.650285   0.697893
      0.18   0.748873   0.681287   0.713483
      0.19   0.741154   0.726108   0.733554
       0.2   0.731337   0.755906   0.743418
      0.21    0.72393   0.794118   0.757401
      0.22   0.715631   0.825472   0.766637
      0.23    0.71215   0.854481    0.77685
      0.24   0.694837   0.889807   0.780328
      0.25   0.690866   0.908333   0.784814
      0.26   0.673732   0.927898   0.780648
      0.27   0.650752   0.938897   0.768709
      0.28   0.613226   0.955017   0.746875
      0.29   0.595511   0.960425   0.735176
       0.3   0.550622   0.968215   0.702012
      0.31   0.479274   0.973244   0.642264
      0.32   0.380795   0.979021   0.548319
      0.33   0.249788    0.97541   0.397725
      0.34   0.193253   0.977011    0.32268
      0.35   0.102673    0.97619   0.185803
      0.36  0.0684039   0.955556   0.127669
      0.37  0.0116461   0.857143  0.0229799
      0.38 0.00879033          1  0.0174275
      0.39          0          0          0
       0.4          0          0          0
      0.41          0          0          0
      0.42          0          0          0
      0.43          0          0          0
      0.44          0          0          0
      0.45          0          0          0
      0.46          0          0          0
      0.47          0          0          0
      0.48          0          0          0
      0.49          0          0          0
       0.5          0          0          0
      0.51          0          0          0
      0.52          0          0          0
      0.53          0          0          0
      0.54          0          0          0
      0.55          0          0          0
      0.56          0          0          0
      0.57          0          0          0
      0.58          0          0          0
      0.59          0          0          0
       0.6          0          0          0
      0.61          0          0          0
      0.62          0          0          0
      0.63          0          0          0
      0.64          0          0          0
      0.65          0          0          0
      0.66          0          0          0
      0.67          0          0          0
      0.68          0          0          0
      0.69          0          0          0
       0.7          0          0          0
      0.71          0          0          0
      0.72          0          0          0
      0.73          0          0          0
      0.74          0          0          0
      0.75          0          0          0
      0.76          0          0          0
      0.77          0          0          0
      0.78          0          0          0
      0.79          0          0          0
       0.8          0          0          0
      0.81          0          0          0
      0.82          0          0          0
      0.83          0          0          0
      0.84          0          0          0
      0.85          0          0          0
      0.86          0          0          0
      0.87          0          0          0
      0.88          0          0          0
      0.89          0          0          0
       0.9          0          0          0
      0.91          0          0          0
      0.92          0          0          0
      0.93          0          0          0
      0.94          0          0          0
      0.95          0          0          0
      0.96          0          0          0
      0.97          0          0          0
      0.98          0          0          0
      0.99          0          0          0
