         0          1   0.361785    0.53134
      0.01   0.964442   0.377723   0.542842
      0.02   0.964442    0.37845   0.543593
      0.03   0.964348   0.383041   0.548298
      0.04   0.961104    0.41019   0.574983
      0.05   0.955833   0.438804    0.60148
      0.06   0.936775   0.489793   0.643259
      0.07   0.909046   0.526426   0.666743
      0.08   0.844417   0.583027   0.689789
      0.09   0.785153   0.619274   0.692417
       0.1   0.705864   0.672021   0.688527
      0.11   0.623362   0.717015   0.666917
      0.12   0.572801   0.752291    0.65039
      0.13   0.521117   0.792466   0.628765
      0.14    0.46937   0.819433    0.59686
      0.15   0.415221   0.858236    0.55967
      0.16   0.386931   0.875366    0.53665
      0.17   0.346507   0.908821   0.501722
      0.18   0.320306   0.921253   0.475342
      0.19   0.280786    0.94297   0.432721
       0.2   0.260137   0.953947   0.408797
      0.21    0.23743   0.967541   0.381292
      0.22   0.214005   0.979856   0.351287
      0.23   0.208765   0.982919   0.344385
      0.24   0.179881   0.989209   0.304408
      0.25   0.167311   0.992141   0.286336
      0.26   0.152246   0.993304   0.264024
      0.27   0.145072   0.997543   0.253306
      0.28   0.128571          1   0.227848
      0.29   0.121491          1    0.21666
       0.3    0.10942          1   0.197256
      0.31   0.102339          1   0.185677
      0.32   0.089738          1   0.164696
      0.33  0.0810044          1   0.149869
      0.34  0.0723019          1   0.134854
      0.35  0.0447286          1  0.0856273
      0.36  0.0300374          1   0.058323
      0.37   0.010262          1  0.0203155
      0.38  0.0040549          1 0.00807704
      0.39 0.00218341          1  0.0043573
       0.4          0          0          0
      0.41          0          0          0
      0.42          0          0          0
      0.43          0          0          0
      0.44          0          0          0
      0.45          0          0          0
      0.46          0          0          0
      0.47          0          0          0
      0.48          0          0          0
      0.49          0          0          0
       0.5          0          0          0
      0.51          0          0          0
      0.52          0          0          0
      0.53          0          0          0
      0.54          0          0          0
      0.55          0          0          0
      0.56          0          0          0
      0.57          0          0          0
      0.58          0          0          0
      0.59          0          0          0
       0.6          0          0          0
      0.61          0          0          0
      0.62          0          0          0
      0.63          0          0          0
      0.64          0          0          0
      0.65          0          0          0
      0.66          0          0          0
      0.67          0          0          0
      0.68          0          0          0
      0.69          0          0          0
       0.7          0          0          0
      0.71          0          0          0
      0.72          0          0          0
      0.73          0          0          0
      0.74          0          0          0
      0.75          0          0          0
      0.76          0          0          0
      0.77          0          0          0
      0.78          0          0          0
      0.79          0          0          0
       0.8          0          0          0
      0.81          0          0          0
      0.82          0          0          0
      0.83          0          0          0
      0.84          0          0          0
      0.85          0          0          0
      0.86          0          0          0
      0.87          0          0          0
      0.88          0          0          0
      0.89          0          0          0
       0.9          0          0          0
      0.91          0          0          0
      0.92          0          0          0
      0.93          0          0          0
      0.94          0          0          0
      0.95          0          0          0
      0.96          0          0          0
      0.97          0          0          0
      0.98          0          0          0
      0.99          0          0          0
