         0          1    0.48887   0.656699
      0.01   0.928585   0.558408    0.69742
      0.02   0.927167   0.567792   0.704284
      0.03   0.921862   0.601771   0.728194
      0.04   0.901936   0.686384   0.779534
      0.05   0.877096   0.749152   0.808091
      0.06   0.825681   0.832415   0.829034
      0.07   0.785316   0.876023   0.828193
      0.08   0.722948   0.923828   0.811136
      0.09    0.66295   0.942336   0.778331
       0.1   0.574593   0.963964   0.720008
      0.11   0.488509   0.971657    0.65015
      0.12    0.43037   0.973128   0.596802
      0.13   0.347978   0.977358   0.513227
      0.14   0.297981   0.981947   0.457215
      0.15   0.228791    0.98046   0.371007
      0.16   0.173194   0.980451   0.294386
      0.17   0.129065   0.989201   0.228337
      0.18   0.104934   0.991045   0.189774
      0.19  0.0725637          1   0.135309
       0.2  0.0575033          1   0.108753
      0.21   0.043103          1  0.0826439
      0.22  0.0314655          1  0.0610112
      0.23  0.0273825          1  0.0533054
      0.24  0.0219549          1  0.0429665
      0.25  0.0216371          1  0.0423577
      0.26  0.0163073          1  0.0320912
      0.27  0.0159405          1  0.0313809
      0.28  0.0146448          1  0.0288668
      0.29  0.0107574          1  0.0212859
       0.3 0.00951054          1  0.0188419
      0.31 0.00554985          1  0.0110384
      0.32 0.00554985          1  0.0110384
      0.33 0.00442521          1 0.00881143
      0.34          0          0          0
      0.35          0          0          0
      0.36          0          0          0
      0.37          0          0          0
      0.38          0          0          0
      0.39          0          0          0
       0.4          0          0          0
      0.41          0          0          0
      0.42          0          0          0
      0.43          0          0          0
      0.44          0          0          0
      0.45          0          0          0
      0.46          0          0          0
      0.47          0          0          0
      0.48          0          0          0
      0.49          0          0          0
       0.5          0          0          0
      0.51          0          0          0
      0.52          0          0          0
      0.53          0          0          0
      0.54          0          0          0
      0.55          0          0          0
      0.56          0          0          0
      0.57          0          0          0
      0.58          0          0          0
      0.59          0          0          0
       0.6          0          0          0
      0.61          0          0          0
      0.62          0          0          0
      0.63          0          0          0
      0.64          0          0          0
      0.65          0          0          0
      0.66          0          0          0
      0.67          0          0          0
      0.68          0          0          0
      0.69          0          0          0
       0.7          0          0          0
      0.71          0          0          0
      0.72          0          0          0
      0.73          0          0          0
      0.74          0          0          0
      0.75          0          0          0
      0.76          0          0          0
      0.77          0          0          0
      0.78          0          0          0
      0.79          0          0          0
       0.8          0          0          0
      0.81          0          0          0
      0.82          0          0          0
      0.83          0          0          0
      0.84          0          0          0
      0.85          0          0          0
      0.86          0          0          0
      0.87          0          0          0
      0.88          0          0          0
      0.89          0          0          0
       0.9          0          0          0
      0.91          0          0          0
      0.92          0          0          0
      0.93          0          0          0
      0.94          0          0          0
      0.95          0          0          0
      0.96          0          0          0
      0.97          0          0          0
      0.98          0          0          0
      0.99          0          0          0
