         0          1   0.242084   0.389803
      0.01   0.993007   0.250689   0.400316
      0.02   0.992708    0.25562   0.406553
      0.03    0.99211   0.276738   0.432762
      0.04   0.989122   0.342398   0.508702
      0.05   0.976929   0.402181   0.569791
      0.06   0.934672   0.499172   0.650785
      0.07   0.892774   0.552105   0.682278
      0.08   0.772817   0.615512   0.685253
      0.09   0.690455   0.657231   0.673433
       0.1   0.557707   0.693126   0.618086
      0.11   0.431773   0.738602   0.544968
      0.12   0.375889   0.775389   0.506325
      0.13    0.31863   0.816327   0.458354
      0.14   0.289283   0.837182   0.429987
      0.15   0.239854   0.862175   0.375301
      0.16   0.207758   0.887006   0.336662
      0.17   0.173929   0.910891   0.292085
      0.18   0.155759   0.917404   0.266304
      0.19   0.124201   0.939516   0.219398
       0.2  0.0952125       0.94   0.172911
      0.21  0.0710657   0.947368   0.132214
      0.22  0.0478154   0.952381  0.0910591
      0.23  0.0375351   0.963855  0.0722564
      0.24  0.0317375   0.982143   0.061488
      0.25  0.0229514          1  0.0448729
      0.26  0.0124918          1  0.0246753
      0.27 0.00729185          1  0.0144781
      0.28 0.00340685          1 0.00679056
      0.29  0.0029287          1 0.00584029
       0.3          0          0          0
      0.31          0          0          0
      0.32          0          0          0
      0.33          0          0          0
      0.34          0          0          0
      0.35          0          0          0
      0.36          0          0          0
      0.37          0          0          0
      0.38          0          0          0
      0.39          0          0          0
       0.4          0          0          0
      0.41          0          0          0
      0.42          0          0          0
      0.43          0          0          0
      0.44          0          0          0
      0.45          0          0          0
      0.46          0          0          0
      0.47          0          0          0
      0.48          0          0          0
      0.49          0          0          0
       0.5          0          0          0
      0.51          0          0          0
      0.52          0          0          0
      0.53          0          0          0
      0.54          0          0          0
      0.55          0          0          0
      0.56          0          0          0
      0.57          0          0          0
      0.58          0          0          0
      0.59          0          0          0
       0.6          0          0          0
      0.61          0          0          0
      0.62          0          0          0
      0.63          0          0          0
      0.64          0          0          0
      0.65          0          0          0
      0.66          0          0          0
      0.67          0          0          0
      0.68          0          0          0
      0.69          0          0          0
       0.7          0          0          0
      0.71          0          0          0
      0.72          0          0          0
      0.73          0          0          0
      0.74          0          0          0
      0.75          0          0          0
      0.76          0          0          0
      0.77          0          0          0
      0.78          0          0          0
      0.79          0          0          0
       0.8          0          0          0
      0.81          0          0          0
      0.82          0          0          0
      0.83          0          0          0
      0.84          0          0          0
      0.85          0          0          0
      0.86          0          0          0
      0.87          0          0          0
      0.88          0          0          0
      0.89          0          0          0
       0.9          0          0          0
      0.91          0          0          0
      0.92          0          0          0
      0.93          0          0          0
      0.94          0          0          0
      0.95          0          0          0
      0.96          0          0          0
      0.97          0          0          0
      0.98          0          0          0
      0.99          0          0          0
