         0          1   0.319512   0.484288
      0.01   0.918607   0.301126   0.453569
      0.02   0.918536   0.300867   0.453267
      0.03   0.915918   0.298629   0.450406
      0.04   0.893765   0.293899   0.442342
      0.05   0.870975   0.291007   0.436254
      0.06   0.813858    0.28525   0.422439
      0.07    0.76028   0.282264   0.411684
      0.08   0.653479   0.274035   0.386142
      0.09   0.566636   0.269806   0.365553
       0.1   0.453252   0.251645   0.323618
      0.11   0.346309   0.234258    0.27947
      0.12   0.283813   0.227948   0.252831
      0.13   0.201147   0.213842     0.2073
      0.14   0.160309   0.216809   0.184326
      0.15   0.114941    0.21131   0.148892
      0.16  0.0830207   0.205517   0.118267
      0.17   0.056338   0.213508  0.0891517
      0.18  0.0434567   0.198225  0.0712856
      0.19  0.0286644   0.190722  0.0498384
       0.2   0.013943   0.163934  0.0257001
      0.21 0.00700687   0.216667  0.0135747
      0.22 0.00410503    0.16129 0.00800629
      0.23 0.00353882   0.117647 0.00687096
      0.24 0.000636988  0.0909091 0.00126511
      0.25          0          0          0
      0.26          0          0          0
      0.27          0          0          0
      0.28          0          0          0
      0.29          0          0          0
       0.3          0          0          0
      0.31          0          0          0
      0.32          0          0          0
      0.33          0          0          0
      0.34          0          0          0
      0.35          0          0          0
      0.36          0          0          0
      0.37          0          0          0
      0.38          0          0          0
      0.39          0          0          0
       0.4          0          0          0
      0.41          0          0          0
      0.42          0          0          0
      0.43          0          0          0
      0.44          0          0          0
      0.45          0          0          0
      0.46          0          0          0
      0.47          0          0          0
      0.48          0          0          0
      0.49          0          0          0
       0.5          0          0          0
      0.51          0          0          0
      0.52          0          0          0
      0.53          0          0          0
      0.54          0          0          0
      0.55          0          0          0
      0.56          0          0          0
      0.57          0          0          0
      0.58          0          0          0
      0.59          0          0          0
       0.6          0          0          0
      0.61          0          0          0
      0.62          0          0          0
      0.63          0          0          0
      0.64          0          0          0
      0.65          0          0          0
      0.66          0          0          0
      0.67          0          0          0
      0.68          0          0          0
      0.69          0          0          0
       0.7          0          0          0
      0.71          0          0          0
      0.72          0          0          0
      0.73          0          0          0
      0.74          0          0          0
      0.75          0          0          0
      0.76          0          0          0
      0.77          0          0          0
      0.78          0          0          0
      0.79          0          0          0
       0.8          0          0          0
      0.81          0          0          0
      0.82          0          0          0
      0.83          0          0          0
      0.84          0          0          0
      0.85          0          0          0
      0.86          0          0          0
      0.87          0          0          0
      0.88          0          0          0
      0.89          0          0          0
       0.9          0          0          0
      0.91          0          0          0
      0.92          0          0          0
      0.93          0          0          0
      0.94          0          0          0
      0.95          0          0          0
      0.96          0          0          0
      0.97          0          0          0
      0.98          0          0          0
      0.99          0          0          0
