         0          1   0.384732   0.555677
      0.01   0.868985   0.438574    0.58294
      0.02   0.867495   0.446194   0.589288
      0.03   0.857642   0.468368   0.605866
      0.04   0.819489   0.519629   0.635986
      0.05   0.770967    0.56367    0.65122
      0.06   0.704056   0.628173   0.663953
      0.07   0.644936   0.662083   0.653397
      0.08   0.549668   0.701215   0.616261
      0.09   0.471758   0.720917   0.570312
       0.1     0.3695   0.728474   0.490306
      0.11   0.310495   0.730997   0.435857
      0.12    0.27767   0.735995   0.403217
      0.13   0.244959   0.736465   0.367636
      0.14   0.211904   0.731731   0.328637
      0.15   0.176615   0.726797   0.284175
      0.16   0.161893   0.730408    0.26504
      0.17   0.135369   0.732365   0.228502
      0.18   0.118183   0.745763   0.204032
      0.19   0.106439    0.74772   0.186351
       0.2  0.0930339   0.746324   0.165444
      0.21  0.0783685   0.755981   0.142015
      0.22   0.067083   0.792453   0.123695
      0.23  0.0540215    0.81746   0.101346
      0.24  0.0494959   0.848485  0.0935354
      0.25  0.0469753    0.86747  0.0891242
      0.26  0.0370073   0.910714  0.0711245
      0.27  0.0356897          1  0.0689197
      0.28  0.0191911          1  0.0376595
      0.29  0.0185037          1   0.036335
       0.3 0.00773373          1  0.0153488
      0.31          0          0          0
      0.32          0          0          0
      0.33          0          0          0
      0.34          0          0          0
      0.35          0          0          0
      0.36          0          0          0
      0.37          0          0          0
      0.38          0          0          0
      0.39          0          0          0
       0.4          0          0          0
      0.41          0          0          0
      0.42          0          0          0
      0.43          0          0          0
      0.44          0          0          0
      0.45          0          0          0
      0.46          0          0          0
      0.47          0          0          0
      0.48          0          0          0
      0.49          0          0          0
       0.5          0          0          0
      0.51          0          0          0
      0.52          0          0          0
      0.53          0          0          0
      0.54          0          0          0
      0.55          0          0          0
      0.56          0          0          0
      0.57          0          0          0
      0.58          0          0          0
      0.59          0          0          0
       0.6          0          0          0
      0.61          0          0          0
      0.62          0          0          0
      0.63          0          0          0
      0.64          0          0          0
      0.65          0          0          0
      0.66          0          0          0
      0.67          0          0          0
      0.68          0          0          0
      0.69          0          0          0
       0.7          0          0          0
      0.71          0          0          0
      0.72          0          0          0
      0.73          0          0          0
      0.74          0          0          0
      0.75          0          0          0
      0.76          0          0          0
      0.77          0          0          0
      0.78          0          0          0
      0.79          0          0          0
       0.8          0          0          0
      0.81          0          0          0
      0.82          0          0          0
      0.83          0          0          0
      0.84          0          0          0
      0.85          0          0          0
      0.86          0          0          0
      0.87          0          0          0
      0.88          0          0          0
      0.89          0          0          0
       0.9          0          0          0
      0.91          0          0          0
      0.92          0          0          0
      0.93          0          0          0
      0.94          0          0          0
      0.95          0          0          0
      0.96          0          0          0
      0.97          0          0          0
      0.98          0          0          0
      0.99          0          0          0
