         0          1   0.289124   0.448559
      0.01   0.972944     0.3825   0.549121
      0.02   0.972847   0.396582   0.563467
      0.03   0.971247   0.421168   0.587552
      0.04   0.957671   0.467273   0.628086
      0.05   0.940409   0.499603   0.652537
      0.06   0.915826   0.544863   0.683238
      0.07   0.895316   0.569754   0.696363
      0.08   0.871654   0.608559   0.716725
      0.09   0.857011   0.630463   0.726485
       0.1   0.824137    0.67097   0.739708
      0.11   0.775747   0.713116   0.743114
      0.12   0.744763   0.735651   0.740179
      0.13    0.69584    0.77978   0.735422
      0.14   0.653268   0.801744    0.71993
      0.15    0.60255    0.85882   0.708215
      0.16   0.574719   0.880133   0.695368
      0.17   0.523759   0.897059   0.661369
      0.18   0.493163   0.902724    0.63786
      0.19   0.439585   0.908309   0.592449
       0.2   0.403268     0.9151   0.559829
      0.21   0.341544   0.922586    0.49853
      0.22   0.283214   0.923687   0.433508
      0.23   0.252279   0.925287   0.396463
      0.24   0.199331   0.930124   0.328304
      0.25   0.155014   0.927203    0.26562
      0.26   0.112005   0.922652   0.199761
      0.27  0.0860648   0.908475   0.157234
      0.28  0.0711307   0.914414   0.131994
      0.29   0.058815   0.927152   0.110613
       0.3  0.0449476   0.914894  0.0856856
      0.31  0.0364624   0.919355  0.0701428
      0.32  0.0312258   0.923077   0.060408
      0.33  0.0168735        0.9   0.033126
      0.34 0.00775795       0.75  0.0153571
      0.35          0          0          0
      0.36          0          0          0
      0.37          0          0          0
      0.38          0          0          0
      0.39          0          0          0
       0.4          0          0          0
      0.41          0          0          0
      0.42          0          0          0
      0.43          0          0          0
      0.44          0          0          0
      0.45          0          0          0
      0.46          0          0          0
      0.47          0          0          0
      0.48          0          0          0
      0.49          0          0          0
       0.5          0          0          0
      0.51          0          0          0
      0.52          0          0          0
      0.53          0          0          0
      0.54          0          0          0
      0.55          0          0          0
      0.56          0          0          0
      0.57          0          0          0
      0.58          0          0          0
      0.59          0          0          0
       0.6          0          0          0
      0.61          0          0          0
      0.62          0          0          0
      0.63          0          0          0
      0.64          0          0          0
      0.65          0          0          0
      0.66          0          0          0
      0.67          0          0          0
      0.68          0          0          0
      0.69          0          0          0
       0.7          0          0          0
      0.71          0          0          0
      0.72          0          0          0
      0.73          0          0          0
      0.74          0          0          0
      0.75          0          0          0
      0.76          0          0          0
      0.77          0          0          0
      0.78          0          0          0
      0.79          0          0          0
       0.8          0          0          0
      0.81          0          0          0
      0.82          0          0          0
      0.83          0          0          0
      0.84          0          0          0
      0.85          0          0          0
      0.86          0          0          0
      0.87          0          0          0
      0.88          0          0          0
      0.89          0          0          0
       0.9          0          0          0
      0.91          0          0          0
      0.92          0          0          0
      0.93          0          0          0
      0.94          0          0          0
      0.95          0          0          0
      0.96          0          0          0
      0.97          0          0          0
      0.98          0          0          0
      0.99          0          0          0
