         0          1   0.108911   0.196429
      0.01    0.98404   0.190218    0.31881
      0.02    0.98404   0.191831   0.321072
      0.03   0.980016    0.19936   0.331321
      0.04   0.975724   0.220406   0.359586
      0.05   0.965665     0.2364   0.379818
      0.06   0.932538   0.263312   0.410667
      0.07   0.896593   0.280402   0.427201
      0.08   0.822693   0.300537   0.440248
      0.09   0.755097    0.31537   0.444918
       0.1   0.609174   0.323393   0.422495
      0.11   0.461776   0.338475   0.390627
      0.12   0.387741   0.350165   0.367996
      0.13   0.302441   0.357456   0.327655
      0.14   0.250536   0.369471   0.298596
      0.15   0.200107   0.365615   0.258651
      0.16   0.159469   0.357764   0.220606
      0.17   0.125805   0.335704   0.183022
      0.18   0.103273    0.31388   0.155412
      0.19  0.0854345   0.284658   0.131425
       0.2  0.0749732   0.275794   0.117897
      0.21  0.0520386   0.244131  0.0857903
      0.22  0.0363466        0.2   0.061514
      0.23   0.034603   0.196774  0.0588561
      0.24  0.0236052   0.173228  0.0415486
      0.25   0.021191   0.154185  0.0372609
      0.26   0.013412   0.109827  0.0239048
      0.27  0.0109979   0.103896  0.0198902
      0.28 0.00429185  0.0894309 0.00819062
      0.29 0.00362124  0.0833333 0.00694087
       0.3 0.00241416     0.0875 0.00469869
      0.31 0.00228004   0.117647 0.00447339
      0.32  0.0013412  0.0769231 0.00263644
      0.33          0          0          0
      0.34          0          0          0
      0.35          0          0          0
      0.36          0          0          0
      0.37          0          0          0
      0.38          0          0          0
      0.39          0          0          0
       0.4          0          0          0
      0.41          0          0          0
      0.42          0          0          0
      0.43          0          0          0
      0.44          0          0          0
      0.45          0          0          0
      0.46          0          0          0
      0.47          0          0          0
      0.48          0          0          0
      0.49          0          0          0
       0.5          0          0          0
      0.51          0          0          0
      0.52          0          0          0
      0.53          0          0          0
      0.54          0          0          0
      0.55          0          0          0
      0.56          0          0          0
      0.57          0          0          0
      0.58          0          0          0
      0.59          0          0          0
       0.6          0          0          0
      0.61          0          0          0
      0.62          0          0          0
      0.63          0          0          0
      0.64          0          0          0
      0.65          0          0          0
      0.66          0          0          0
      0.67          0          0          0
      0.68          0          0          0
      0.69          0          0          0
       0.7          0          0          0
      0.71          0          0          0
      0.72          0          0          0
      0.73          0          0          0
      0.74          0          0          0
      0.75          0          0          0
      0.76          0          0          0
      0.77          0          0          0
      0.78          0          0          0
      0.79          0          0          0
       0.8          0          0          0
      0.81          0          0          0
      0.82          0          0          0
      0.83          0          0          0
      0.84          0          0          0
      0.85          0          0          0
      0.86          0          0          0
      0.87          0          0          0
      0.88          0          0          0
      0.89          0          0          0
       0.9          0          0          0
      0.91          0          0          0
      0.92          0          0          0
      0.93          0          0          0
      0.94          0          0          0
      0.95          0          0          0
      0.96          0          0          0
      0.97          0          0          0
      0.98          0          0          0
      0.99          0          0          0
