         0          1   0.354609   0.523559
      0.01   0.951298   0.396337    0.55955
      0.02   0.951298   0.396476   0.559688
      0.03   0.950936   0.398199    0.56134
      0.04   0.949809   0.409985   0.572745
      0.05   0.946549   0.422492   0.584218
      0.06   0.936647   0.448048   0.606145
      0.07    0.92735   0.467514   0.621636
      0.08   0.902153   0.499304   0.642829
      0.09   0.878527   0.523962   0.656425
       0.1   0.848179   0.560762   0.675155
      0.11   0.818877   0.595372   0.689464
      0.12   0.783337   0.615756    0.68951
      0.13   0.723526   0.643829   0.681355
      0.14   0.697645   0.663769   0.680286
      0.15    0.65321   0.689508   0.670869
      0.16   0.622499    0.71028   0.663499
      0.17   0.567921   0.744074   0.644172
      0.18   0.533146   0.758895   0.626298
      0.19   0.469028   0.782272   0.586442
       0.2   0.436426    0.80313   0.565536
      0.21   0.381445   0.813953   0.519456
      0.22   0.311934    0.82737   0.453057
      0.23   0.260455   0.826727   0.396116
      0.24   0.193359   0.817875   0.312773
      0.25   0.157939   0.805492   0.264095
      0.26   0.116039   0.808362   0.202946
      0.27  0.0894747    0.81592   0.161265
      0.28  0.0590461   0.841667   0.110351
      0.29  0.0497887   0.882353  0.0942586
       0.3  0.0379553   0.962963  0.0730321
      0.31  0.0287784          1  0.0559468
      0.32  0.0228215          1  0.0446246
      0.33  0.0124774          1  0.0246472
      0.34 0.00929765          1   0.018424
      0.35 0.00108674          1 0.00217112
      0.36          0          0          0
      0.37          0          0          0
      0.38          0          0          0
      0.39          0          0          0
       0.4          0          0          0
      0.41          0          0          0
      0.42          0          0          0
      0.43          0          0          0
      0.44          0          0          0
      0.45          0          0          0
      0.46          0          0          0
      0.47          0          0          0
      0.48          0          0          0
      0.49          0          0          0
       0.5          0          0          0
      0.51          0          0          0
      0.52          0          0          0
      0.53          0          0          0
      0.54          0          0          0
      0.55          0          0          0
      0.56          0          0          0
      0.57          0          0          0
      0.58          0          0          0
      0.59          0          0          0
       0.6          0          0          0
      0.61          0          0          0
      0.62          0          0          0
      0.63          0          0          0
      0.64          0          0          0
      0.65          0          0          0
      0.66          0          0          0
      0.67          0          0          0
      0.68          0          0          0
      0.69          0          0          0
       0.7          0          0          0
      0.71          0          0          0
      0.72          0          0          0
      0.73          0          0          0
      0.74          0          0          0
      0.75          0          0          0
      0.76          0          0          0
      0.77          0          0          0
      0.78          0          0          0
      0.79          0          0          0
       0.8          0          0          0
      0.81          0          0          0
      0.82          0          0          0
      0.83          0          0          0
      0.84          0          0          0
      0.85          0          0          0
      0.86          0          0          0
      0.87          0          0          0
      0.88          0          0          0
      0.89          0          0          0
       0.9          0          0          0
      0.91          0          0          0
      0.92          0          0          0
      0.93          0          0          0
      0.94          0          0          0
      0.95          0          0          0
      0.96          0          0          0
      0.97          0          0          0
      0.98          0          0          0
      0.99          0          0          0
