         0          1   0.308236   0.471224
      0.01   0.892203    0.44964   0.597939
      0.02   0.892203   0.450642   0.598824
      0.03   0.891348   0.452065   0.599886
      0.04   0.885614   0.456238   0.602228
      0.05   0.878119   0.457981   0.601994
      0.06   0.856338   0.461859   0.600073
      0.07   0.836922    0.46646   0.599042
      0.08   0.804175   0.471047   0.594099
      0.09   0.779829   0.472596   0.588529
       0.1   0.737676   0.471126   0.575013
      0.11   0.684557   0.464153    0.55321
      0.12   0.640292   0.460238   0.535536
      0.13   0.590443   0.458156   0.515955
      0.14    0.55498   0.456128   0.500722
      0.15   0.508249   0.460442   0.483166
      0.16   0.475604   0.469378   0.472471
      0.17   0.440091   0.479225   0.458825
      0.18   0.409105   0.492177   0.446812
      0.19   0.359708   0.508891   0.421488
       0.2   0.320724   0.517224   0.395934
      0.21   0.267203   0.536806   0.356803
      0.22   0.215241    0.57958   0.313906
      0.23   0.182545   0.602632   0.280211
      0.24   0.149195   0.684105   0.244966
      0.25   0.127565   0.744565   0.217813
      0.26  0.0975855   0.836207   0.174775
      0.27  0.0882294   0.880952   0.160395
      0.28  0.0753018   0.885965   0.138806
      0.29  0.0601107   0.872093   0.112469
       0.3  0.0312877   0.878049  0.0604224
      0.31  0.0276157          1  0.0537471
      0.32  0.0217807          1  0.0426328
      0.33  0.0104628          1  0.0207089
      0.34 0.00538229          1   0.010707
      0.35          0          0          0
      0.36          0          0          0
      0.37          0          0          0
      0.38          0          0          0
      0.39          0          0          0
       0.4          0          0          0
      0.41          0          0          0
      0.42          0          0          0
      0.43          0          0          0
      0.44          0          0          0
      0.45          0          0          0
      0.46          0          0          0
      0.47          0          0          0
      0.48          0          0          0
      0.49          0          0          0
       0.5          0          0          0
      0.51          0          0          0
      0.52          0          0          0
      0.53          0          0          0
      0.54          0          0          0
      0.55          0          0          0
      0.56          0          0          0
      0.57          0          0          0
      0.58          0          0          0
      0.59          0          0          0
       0.6          0          0          0
      0.61          0          0          0
      0.62          0          0          0
      0.63          0          0          0
      0.64          0          0          0
      0.65          0          0          0
      0.66          0          0          0
      0.67          0          0          0
      0.68          0          0          0
      0.69          0          0          0
       0.7          0          0          0
      0.71          0          0          0
      0.72          0          0          0
      0.73          0          0          0
      0.74          0          0          0
      0.75          0          0          0
      0.76          0          0          0
      0.77          0          0          0
      0.78          0          0          0
      0.79          0          0          0
       0.8          0          0          0
      0.81          0          0          0
      0.82          0          0          0
      0.83          0          0          0
      0.84          0          0          0
      0.85          0          0          0
      0.86          0          0          0
      0.87          0          0          0
      0.88          0          0          0
      0.89          0          0          0
       0.9          0          0          0
      0.91          0          0          0
      0.92          0          0          0
      0.93          0          0          0
      0.94          0          0          0
      0.95          0          0          0
      0.96          0          0          0
      0.97          0          0          0
      0.98          0          0          0
      0.99          0          0          0
