         0          1   0.363236   0.532903
      0.01     0.9721   0.345174   0.509452
      0.02   0.971584   0.346751   0.511096
      0.03   0.968914   0.349629   0.513841
      0.04   0.945105   0.358257   0.519564
      0.05   0.894472   0.362892   0.516313
      0.06   0.756738   0.373197   0.499873
      0.07   0.655645   0.394337   0.492475
      0.08   0.539611   0.442573   0.486298
      0.09   0.463274   0.491815   0.477118
       0.1   0.374623   0.580973   0.455519
      0.11   0.312796   0.675623   0.427616
      0.12   0.276328   0.729549   0.400834
      0.13   0.238999   0.788813   0.366849
      0.14   0.220141   0.812329   0.346406
      0.15   0.187979   0.829175   0.306478
      0.16   0.163868   0.830882   0.273747
      0.17   0.133643   0.861423   0.231388
      0.18  0.0992422   0.863158   0.178017
      0.19  0.0627314   0.873874    0.11706
       0.2  0.0401705   0.897436  0.0768989
      0.21  0.0245415   0.972222  0.0478744
      0.22  0.0119693          1  0.0236555
      0.23  0.0078791          1   0.015635
      0.24 0.00241109          1 0.00481058
      0.25          0          0          0
      0.26          0          0          0
      0.27          0          0          0
      0.28          0          0          0
      0.29          0          0          0
       0.3          0          0          0
      0.31          0          0          0
      0.32          0          0          0
      0.33          0          0          0
      0.34          0          0          0
      0.35          0          0          0
      0.36          0          0          0
      0.37          0          0          0
      0.38          0          0          0
      0.39          0          0          0
       0.4          0          0          0
      0.41          0          0          0
      0.42          0          0          0
      0.43          0          0          0
      0.44          0          0          0
      0.45          0          0          0
      0.46          0          0          0
      0.47          0          0          0
      0.48          0          0          0
      0.49          0          0          0
       0.5          0          0          0
      0.51          0          0          0
      0.52          0          0          0
      0.53          0          0          0
      0.54          0          0          0
      0.55          0          0          0
      0.56          0          0          0
      0.57          0          0          0
      0.58          0          0          0
      0.59          0          0          0
       0.6          0          0          0
      0.61          0          0          0
      0.62          0          0          0
      0.63          0          0          0
      0.64          0          0          0
      0.65          0          0          0
      0.66          0          0          0
      0.67          0          0          0
      0.68          0          0          0
      0.69          0          0          0
       0.7          0          0          0
      0.71          0          0          0
      0.72          0          0          0
      0.73          0          0          0
      0.74          0          0          0
      0.75          0          0          0
      0.76          0          0          0
      0.77          0          0          0
      0.78          0          0          0
      0.79          0          0          0
       0.8          0          0          0
      0.81          0          0          0
      0.82          0          0          0
      0.83          0          0          0
      0.84          0          0          0
      0.85          0          0          0
      0.86          0          0          0
      0.87          0          0          0
      0.88          0          0          0
      0.89          0          0          0
       0.9          0          0          0
      0.91          0          0          0
      0.92          0          0          0
      0.93          0          0          0
      0.94          0          0          0
      0.95          0          0          0
      0.96          0          0          0
      0.97          0          0          0
      0.98          0          0          0
      0.99          0          0          0
