         0          1   0.164811   0.282983
      0.01    0.98571   0.177634   0.301021
      0.02    0.98571   0.183914    0.30999
      0.03   0.983329   0.200731   0.333402
      0.04   0.964752   0.244057   0.389564
      0.05   0.927598   0.277378   0.427054
      0.06   0.835477   0.324147   0.467078
      0.07   0.786987   0.350902   0.485382
      0.08   0.681814   0.383482   0.490874
      0.09   0.605887   0.407302   0.487133
       0.1   0.496618   0.438089   0.465521
      0.11   0.414309   0.434411   0.424122
      0.12   0.340288   0.418987   0.375559
      0.13   0.252453   0.387097   0.305602
      0.14   0.172525    0.36193   0.233666
      0.15   0.117462   0.314516   0.171044
      0.16  0.0764028    0.28877   0.120835
      0.17  0.0511575   0.255814  0.0852639
      0.18  0.0492522   0.308511  0.0849435
      0.19  0.0290559   0.283333  0.0527067
       0.2  0.0243879    0.26087  0.0446058
      0.21  0.0132419        0.2  0.0248392
      0.22  0.0122892   0.235294  0.0233585
      0.23  0.0122892   0.266667  0.0234957
      0.24 0.00952653   0.222222  0.0182698
      0.25 0.00828808   0.333333   0.016174
      0.26          0          0          0
      0.27          0          0          0
      0.28          0          0          0
      0.29          0          0          0
       0.3          0          0          0
      0.31          0          0          0
      0.32          0          0          0
      0.33          0          0          0
      0.34          0          0          0
      0.35          0          0          0
      0.36          0          0          0
      0.37          0          0          0
      0.38          0          0          0
      0.39          0          0          0
       0.4          0          0          0
      0.41          0          0          0
      0.42          0          0          0
      0.43          0          0          0
      0.44          0          0          0
      0.45          0          0          0
      0.46          0          0          0
      0.47          0          0          0
      0.48          0          0          0
      0.49          0          0          0
       0.5          0          0          0
      0.51          0          0          0
      0.52          0          0          0
      0.53          0          0          0
      0.54          0          0          0
      0.55          0          0          0
      0.56          0          0          0
      0.57          0          0          0
      0.58          0          0          0
      0.59          0          0          0
       0.6          0          0          0
      0.61          0          0          0
      0.62          0          0          0
      0.63          0          0          0
      0.64          0          0          0
      0.65          0          0          0
      0.66          0          0          0
      0.67          0          0          0
      0.68          0          0          0
      0.69          0          0          0
       0.7          0          0          0
      0.71          0          0          0
      0.72          0          0          0
      0.73          0          0          0
      0.74          0          0          0
      0.75          0          0          0
      0.76          0          0          0
      0.77          0          0          0
      0.78          0          0          0
      0.79          0          0          0
       0.8          0          0          0
      0.81          0          0          0
      0.82          0          0          0
      0.83          0          0          0
      0.84          0          0          0
      0.85          0          0          0
      0.86          0          0          0
      0.87          0          0          0
      0.88          0          0          0
      0.89          0          0          0
       0.9          0          0          0
      0.91          0          0          0
      0.92          0          0          0
      0.93          0          0          0
      0.94          0          0          0
      0.95          0          0          0
      0.96          0          0          0
      0.97          0          0          0
      0.98          0          0          0
      0.99          0          0          0
