         0          1   0.317058   0.481463
      0.01    0.96828   0.374368   0.539967
      0.02    0.96828   0.375219   0.540852
      0.03   0.966469   0.377918   0.543365
      0.04   0.953889   0.388374   0.552002
      0.05   0.940526   0.399318   0.560616
      0.06   0.905037    0.41798   0.571856
      0.07   0.874198    0.43038   0.576795
      0.08   0.815263   0.446105   0.576664
      0.09     0.7739   0.458729   0.576021
       0.1   0.723726    0.47839   0.576023
      0.11   0.673063   0.505822    0.57758
      0.12   0.639532    0.52563   0.577014
      0.13   0.598218       0.56   0.578479
      0.14    0.57624    0.58281   0.579506
      0.15    0.53052   0.611853   0.568292
      0.16   0.493808   0.628308   0.552997
      0.17   0.451123   0.644545   0.530762
      0.18   0.421851   0.658018    0.51411
      0.19    0.38788   0.675558   0.492808
       0.2   0.357139   0.684324   0.469338
      0.21   0.317343   0.696774   0.436077
      0.22   0.263645   0.706433   0.383984
      0.23   0.224827   0.723496   0.343051
      0.24   0.190513   0.744485    0.30339
      0.25   0.174115   0.777533   0.284518
      0.26   0.147927   0.785915   0.248989
      0.27   0.127613    0.79798   0.220037
      0.28   0.100348   0.788018   0.178025
      0.29  0.0797885   0.772727   0.144642
       0.3  0.0610896   0.760331   0.113093
      0.31  0.0414607   0.733333  0.0784841
      0.32  0.0343629    0.72973  0.0656351
      0.33  0.0299085   0.696429  0.0573538
      0.34  0.0266778   0.658537  0.0512782
      0.35 0.00885995   0.461538  0.0173862
      0.36 0.00719565        0.5  0.0141871
      0.37  0.0023496   0.333333 0.00466631
      0.38          0          0          0
      0.39          0          0          0
       0.4          0          0          0
      0.41          0          0          0
      0.42          0          0          0
      0.43          0          0          0
      0.44          0          0          0
      0.45          0          0          0
      0.46          0          0          0
      0.47          0          0          0
      0.48          0          0          0
      0.49          0          0          0
       0.5          0          0          0
      0.51          0          0          0
      0.52          0          0          0
      0.53          0          0          0
      0.54          0          0          0
      0.55          0          0          0
      0.56          0          0          0
      0.57          0          0          0
      0.58          0          0          0
      0.59          0          0          0
       0.6          0          0          0
      0.61          0          0          0
      0.62          0          0          0
      0.63          0          0          0
      0.64          0          0          0
      0.65          0          0          0
      0.66          0          0          0
      0.67          0          0          0
      0.68          0          0          0
      0.69          0          0          0
       0.7          0          0          0
      0.71          0          0          0
      0.72          0          0          0
      0.73          0          0          0
      0.74          0          0          0
      0.75          0          0          0
      0.76          0          0          0
      0.77          0          0          0
      0.78          0          0          0
      0.79          0          0          0
       0.8          0          0          0
      0.81          0          0          0
      0.82          0          0          0
      0.83          0          0          0
      0.84          0          0          0
      0.85          0          0          0
      0.86          0          0          0
      0.87          0          0          0
      0.88          0          0          0
      0.89          0          0          0
       0.9          0          0          0
      0.91          0          0          0
      0.92          0          0          0
      0.93          0          0          0
      0.94          0          0          0
      0.95          0          0          0
      0.96          0          0          0
      0.97          0          0          0
      0.98          0          0          0
      0.99          0          0          0
