         0          1   0.273534   0.429567
      0.01   0.979184   0.368114   0.535073
      0.02   0.979184   0.368373   0.535347
      0.03   0.978893   0.370578   0.537627
      0.04    0.97807   0.378874   0.546177
      0.05   0.976424   0.387481   0.554798
      0.06   0.971874   0.406959   0.573692
      0.07   0.970615   0.422707   0.588931
      0.08   0.964612   0.445036    0.60907
      0.09   0.957157   0.457153   0.618771
       0.1   0.938278   0.471661   0.627756
      0.11   0.899743   0.477712   0.624076
      0.12    0.86363   0.477649   0.615102
      0.13   0.783318   0.476391   0.592463
      0.14   0.718594   0.476665   0.573145
      0.15   0.581546   0.484205    0.52843
      0.16   0.495813    0.49297   0.494387
      0.17   0.415743   0.517606   0.461116
      0.18   0.377257    0.54974   0.447452
      0.19   0.351164   0.609168   0.445508
       0.2   0.339255   0.650026   0.445828
      0.21   0.322554   0.718942   0.445317
      0.22    0.30808   0.786638   0.442757
      0.23   0.300915   0.822134   0.440573
      0.24   0.292831   0.865087   0.437551
      0.25   0.282858    0.89126   0.429429
      0.26   0.267077   0.930825   0.415062
      0.27   0.255119   0.945799   0.401845
      0.28   0.236675   0.959677   0.379707
      0.29   0.222588   0.972678   0.362273
       0.3   0.200077   0.983945   0.332536
      0.31   0.177906   0.996997   0.301934
      0.32   0.148812          1    0.25907
      0.33   0.109067          1   0.196683
      0.34  0.0745994          1   0.138841
      0.35  0.0335479          1   0.064918
      0.36  0.0224137          1  0.0438447
      0.37  0.0119572          1  0.0236318
      0.38 0.00764874          1  0.0151814
      0.39          0          0          0
       0.4          0          0          0
      0.41          0          0          0
      0.42          0          0          0
      0.43          0          0          0
      0.44          0          0          0
      0.45          0          0          0
      0.46          0          0          0
      0.47          0          0          0
      0.48          0          0          0
      0.49          0          0          0
       0.5          0          0          0
      0.51          0          0          0
      0.52          0          0          0
      0.53          0          0          0
      0.54          0          0          0
      0.55          0          0          0
      0.56          0          0          0
      0.57          0          0          0
      0.58          0          0          0
      0.59          0          0          0
       0.6          0          0          0
      0.61          0          0          0
      0.62          0          0          0
      0.63          0          0          0
      0.64          0          0          0
      0.65          0          0          0
      0.66          0          0          0
      0.67          0          0          0
      0.68          0          0          0
      0.69          0          0          0
       0.7          0          0          0
      0.71          0          0          0
      0.72          0          0          0
      0.73          0          0          0
      0.74          0          0          0
      0.75          0          0          0
      0.76          0          0          0
      0.77          0          0          0
      0.78          0          0          0
      0.79          0          0          0
       0.8          0          0          0
      0.81          0          0          0
      0.82          0          0          0
      0.83          0          0          0
      0.84          0          0          0
      0.85          0          0          0
      0.86          0          0          0
      0.87          0          0          0
      0.88          0          0          0
      0.89          0          0          0
       0.9          0          0          0
      0.91          0          0          0
      0.92          0          0          0
      0.93          0          0          0
      0.94          0          0          0
      0.95          0          0          0
      0.96          0          0          0
      0.97          0          0          0
      0.98          0          0          0
      0.99          0          0          0
