         0          1   0.279386    0.43675
      0.01   0.938192   0.349648   0.509437
      0.02   0.934432   0.354051   0.513529
      0.03   0.927703   0.363554    0.52239
      0.04   0.907264   0.387155   0.542718
      0.05   0.885167   0.405844   0.556525
      0.06   0.841723   0.435758   0.574235
      0.07   0.808207   0.454689   0.581969
      0.08   0.749248   0.481985   0.586609
      0.09   0.709518   0.499941   0.586572
       0.1   0.648804    0.52393   0.579718
      0.11   0.588452   0.545958   0.566409
      0.12   0.547691    0.55997   0.553762
      0.13   0.491025   0.579524   0.531616
      0.14   0.454145   0.593366   0.514504
      0.15   0.403775   0.613349   0.486971
      0.16   0.371721   0.627058   0.466751
      0.17   0.331642   0.648102   0.438764
      0.18   0.305448   0.662396     0.4181
      0.19   0.270993   0.685344   0.388406
       0.2   0.249454   0.700042   0.367834
      0.21   0.220864   0.723559   0.338425
      0.22    0.19452   0.745053   0.308497
      0.23   0.177428   0.759649   0.287666
      0.24   0.154723   0.781408   0.258301
      0.25   0.141401   0.793268   0.240018
      0.26   0.123178   0.808913   0.213799
      0.27   0.111309   0.820308    0.19602
      0.28  0.0939419    0.83654   0.168915
      0.29  0.0839719   0.842776   0.152726
       0.3  0.0676911   0.856936   0.125471
      0.31  0.0524609   0.879174  0.0990136
      0.32  0.0419356   0.894767  0.0801163
      0.33  0.0275018   0.909596  0.0533893
      0.34  0.0191173   0.903727  0.0374425
      0.35 0.00975341   0.904153  0.0192986
      0.36 0.00602799   0.894895  0.0119753
      0.37 0.00228936   0.893939 0.00456702
      0.38 0.00111264   0.888889  0.0022225
      0.39 0.000211544       0.85 0.000422983
       0.4 2.03408e-05        0.8 4.06805e-05
      0.41 1.72897e-05          1 3.45787e-05
      0.42 1.72897e-05          1 3.45787e-05
      0.43          0          0          0
      0.44          0          0          0
      0.45          0          0          0
      0.46          0          0          0
      0.47          0          0          0
      0.48          0          0          0
      0.49          0          0          0
       0.5          0          0          0
      0.51          0          0          0
      0.52          0          0          0
      0.53          0          0          0
      0.54          0          0          0
      0.55          0          0          0
      0.56          0          0          0
      0.57          0          0          0
      0.58          0          0          0
      0.59          0          0          0
       0.6          0          0          0
      0.61          0          0          0
      0.62          0          0          0
      0.63          0          0          0
      0.64          0          0          0
      0.65          0          0          0
      0.66          0          0          0
      0.67          0          0          0
      0.68          0          0          0
      0.69          0          0          0
       0.7          0          0          0
      0.71          0          0          0
      0.72          0          0          0
      0.73          0          0          0
      0.74          0          0          0
      0.75          0          0          0
      0.76          0          0          0
      0.77          0          0          0
      0.78          0          0          0
      0.79          0          0          0
       0.8          0          0          0
      0.81          0          0          0
      0.82          0          0          0
      0.83          0          0          0
      0.84          0          0          0
      0.85          0          0          0
      0.86          0          0          0
      0.87          0          0          0
      0.88          0          0          0
      0.89          0          0          0
       0.9          0          0          0
      0.91          0          0          0
      0.92          0          0          0
      0.93          0          0          0
      0.94          0          0          0
      0.95          0          0          0
      0.96          0          0          0
      0.97          0          0          0
      0.98          0          0          0
      0.99          0          0          0
