    119082   0.103535   0.834025   0.730866   0.779045
     58060          0          1   0.374026   0.544424
     42049       0.12   0.958152   0.983723   0.970769
     24077       0.01   0.892838   0.537497   0.671028
     78004       0.11   0.775747   0.713116   0.743114
     45096       0.04   0.801672    0.76929   0.785147
     38092   0.101818   0.848831   0.789504   0.818094
     43074  0.0848485    0.51651    0.66284   0.580597
     16077        0.1   0.700028   0.534522   0.606181
     86000       0.04   0.885614   0.456238   0.602228
    101085   0.126061   0.777841   0.759909    0.76877
     89072       0.06   0.821992   0.416695   0.553037
    126007  0.0662626   0.877885   0.607186   0.717864
     76053       0.06   0.704056   0.628173   0.663953
     86016          0          1   0.363236   0.532903
    103070  0.0633333   0.657981   0.549469   0.598849
      8023       0.09   0.755097    0.31537   0.444918
     41033  0.0790909   0.704845   0.571024   0.630917
    109053  0.0716162   0.685813   0.460729   0.551177
    130026   0.169596   0.417393    0.48129    0.44707
    108082       0.05   0.797894   0.176848   0.289524
     69040          0          1   0.319512   0.484288
     14037  0.0734343   0.640765   0.764514   0.697191
     54082   0.030404   0.866076   0.634937    0.73271
     62096       0.25   0.690866   0.908333   0.784814
     12084        0.1   0.805108   0.373136   0.509936
     69015  0.0630303   0.813449   0.845629   0.829227
     97033        0.1   0.938278   0.471661   0.627756
     19021  0.0864646   0.764278   0.717471   0.740135
     86068   0.079596   0.686063   0.382165   0.490887
      3096       0.07   0.714688   0.910479   0.800789
     41069       0.12   0.555249   0.451114   0.497793
     21077       0.06   0.958561   0.584498    0.72619
    108070          0          1   0.230724    0.37494
    123074   0.109697   0.388326   0.462354   0.422119
     38082  0.0590909   0.802107   0.527286   0.636291
     33039          0          1   0.331079    0.49746
    108005       0.07   0.806588   0.399893   0.534693
    106024        0.1    0.52066   0.815244   0.635472
    102061        0.1   0.766328    0.41739   0.540428
     37073       0.03   0.970545   0.856984   0.910236
     65033  0.0918182   0.770737   0.628864    0.69261
     55073       0.09   0.758456   0.536524   0.628473
     66053  0.0755556   0.725001    0.51247   0.600485
     85048   0.115253   0.800209   0.606079   0.689745
     42012       0.04   0.805404   0.513754   0.627339
     87046       0.14    0.57624    0.58281   0.579506
    105025       0.11   0.662733   0.542545   0.596647
    101087  0.0835354   0.834273   0.865204   0.849457
     69020  0.0764646   0.815226   0.593095   0.686643
