         0          1   0.296598   0.457502
      0.01   0.974323   0.538517   0.693648
      0.02   0.970621   0.574432    0.72173
      0.03   0.958479   0.626521   0.757738
      0.04   0.922771   0.720401   0.809124
      0.05   0.896537   0.777047   0.832526
      0.06   0.834116   0.860441   0.847074
      0.07    0.78746   0.907308   0.843147
      0.08   0.713495   0.953831   0.816341
      0.09    0.65625   0.970074   0.782883
       0.1   0.582166   0.984998   0.731809
      0.11   0.517755   0.993806   0.680817
      0.12   0.474682   0.996203   0.642986
      0.13   0.426911   0.996246   0.597697
      0.14   0.396258   0.995784   0.566919
      0.15   0.349005   0.994919   0.516743
      0.16   0.317476   0.994259   0.481276
      0.17   0.285987   0.992857   0.444064
      0.18   0.269825   0.991961   0.424249
      0.19   0.232325   0.989837   0.376323
       0.2   0.209435   0.987775   0.345594
      0.21   0.169666   0.983278   0.289396
      0.22   0.129021   0.979899   0.228019
      0.23   0.109753   0.975155     0.1973
      0.24  0.0805334   0.972727   0.148752
      0.25  0.0682325   0.965517   0.127458
      0.26  0.0442277   0.942308  0.0844898
      0.27  0.0274283   0.896552  0.0532283
      0.28 0.00839968   0.571429   0.016556
      0.29 0.00302548        0.4 0.00600553
       0.3 0.00127389       0.25 0.00253485
      0.31          0          0          0
      0.32          0          0          0
      0.33          0          0          0
      0.34          0          0          0
      0.35          0          0          0
      0.36          0          0          0
      0.37          0          0          0
      0.38          0          0          0
      0.39          0          0          0
       0.4          0          0          0
      0.41          0          0          0
      0.42          0          0          0
      0.43          0          0          0
      0.44          0          0          0
      0.45          0          0          0
      0.46          0          0          0
      0.47          0          0          0
      0.48          0          0          0
      0.49          0          0          0
       0.5          0          0          0
      0.51          0          0          0
      0.52          0          0          0
      0.53          0          0          0
      0.54          0          0          0
      0.55          0          0          0
      0.56          0          0          0
      0.57          0          0          0
      0.58          0          0          0
      0.59          0          0          0
       0.6          0          0          0
      0.61          0          0          0
      0.62          0          0          0
      0.63          0          0          0
      0.64          0          0          0
      0.65          0          0          0
      0.66          0          0          0
      0.67          0          0          0
      0.68          0          0          0
      0.69          0          0          0
       0.7          0          0          0
      0.71          0          0          0
      0.72          0          0          0
      0.73          0          0          0
      0.74          0          0          0
      0.75          0          0          0
      0.76          0          0          0
      0.77          0          0          0
      0.78          0          0          0
      0.79          0          0          0
       0.8          0          0          0
      0.81          0          0          0
      0.82          0          0          0
      0.83          0          0          0
      0.84          0          0          0
      0.85          0          0          0
      0.86          0          0          0
      0.87          0          0          0
      0.88          0          0          0
      0.89          0          0          0
       0.9          0          0          0
      0.91          0          0          0
      0.92          0          0          0
      0.93          0          0          0
      0.94          0          0          0
      0.95          0          0          0
      0.96          0          0          0
      0.97          0          0          0
      0.98          0          0          0
      0.99          0          0          0
