         0          1   0.168956   0.289072
      0.01   0.953069   0.277548   0.429902
      0.02   0.944125   0.303369    0.45919
      0.03   0.931818   0.330045   0.487441
      0.04   0.907696   0.363383   0.518994
      0.05   0.867411   0.375033   0.523658
      0.06   0.815392    0.39919   0.535981
      0.07    0.79168   0.412284   0.542204
      0.08   0.741057   0.422694   0.538329
      0.09   0.714883   0.432359   0.538833
       0.1   0.658681   0.442623   0.529458
      0.11   0.607647   0.448353   0.515986
      0.12   0.563423   0.454347    0.50304
      0.13   0.482278    0.46171    0.47177
      0.14    0.44552    0.47141   0.458099
      0.15    0.38981   0.484822   0.432155
      0.16   0.346817   0.494635   0.407742
      0.17    0.28405   0.513761   0.365836
      0.18   0.246718   0.532197   0.337142
      0.19   0.175993   0.559767   0.267791
       0.2   0.149081    0.59387   0.238333
      0.21   0.119462   0.670732   0.202803
      0.22   0.080489   0.673077   0.143784
      0.23  0.0447161   0.631579   0.083519
      0.24  0.0370036   0.634615  0.0699297
      0.25  0.0196095   0.689655  0.0381346
      0.26 0.00705612   0.785714  0.0139866
      0.27 0.00623564          1   0.012394
      0.28 0.00541516          1   0.010772
      0.29 0.00287168          1 0.00572691
       0.3          0          0          0
      0.31          0          0          0
      0.32          0          0          0
      0.33          0          0          0
      0.34          0          0          0
      0.35          0          0          0
      0.36          0          0          0
      0.37          0          0          0
      0.38          0          0          0
      0.39          0          0          0
       0.4          0          0          0
      0.41          0          0          0
      0.42          0          0          0
      0.43          0          0          0
      0.44          0          0          0
      0.45          0          0          0
      0.46          0          0          0
      0.47          0          0          0
      0.48          0          0          0
      0.49          0          0          0
       0.5          0          0          0
      0.51          0          0          0
      0.52          0          0          0
      0.53          0          0          0
      0.54          0          0          0
      0.55          0          0          0
      0.56          0          0          0
      0.57          0          0          0
      0.58          0          0          0
      0.59          0          0          0
       0.6          0          0          0
      0.61          0          0          0
      0.62          0          0          0
      0.63          0          0          0
      0.64          0          0          0
      0.65          0          0          0
      0.66          0          0          0
      0.67          0          0          0
      0.68          0          0          0
      0.69          0          0          0
       0.7          0          0          0
      0.71          0          0          0
      0.72          0          0          0
      0.73          0          0          0
      0.74          0          0          0
      0.75          0          0          0
      0.76          0          0          0
      0.77          0          0          0
      0.78          0          0          0
      0.79          0          0          0
       0.8          0          0          0
      0.81          0          0          0
      0.82          0          0          0
      0.83          0          0          0
      0.84          0          0          0
      0.85          0          0          0
      0.86          0          0          0
      0.87          0          0          0
      0.88          0          0          0
      0.89          0          0          0
       0.9          0          0          0
      0.91          0          0          0
      0.92          0          0          0
      0.93          0          0          0
      0.94          0          0          0
      0.95          0          0          0
      0.96          0          0          0
      0.97          0          0          0
      0.98          0          0          0
      0.99          0          0          0
