         0          1   0.337394   0.504555
      0.01   0.901844   0.385829   0.540444
      0.02   0.879081   0.407081   0.556473
      0.03   0.829789   0.441927   0.576711
      0.04   0.710581   0.510096   0.593875
      0.05   0.618245   0.565814   0.590869
      0.06   0.513671   0.667286   0.580487
      0.07   0.450558   0.732544   0.557946
      0.08   0.376792   0.796856   0.511651
      0.09   0.328612   0.838633   0.472197
       0.1   0.252877    0.90678   0.395469
      0.11   0.211801   0.956522   0.346809
      0.12   0.175731   0.970387   0.297573
      0.13   0.145779   0.980892   0.253833
      0.14   0.123615   0.981618   0.219578
      0.15  0.0946472   0.976636    0.17257
      0.16  0.0854478   0.972527   0.157093
      0.17  0.0714133   0.986486   0.133185
      0.18  0.0586624          1   0.110824
      0.19  0.0494202          1  0.0941858
       0.2  0.0412049          1  0.0791485
      0.21   0.031492          1  0.0610611
      0.22  0.0267853          1  0.0521732
      0.23  0.0233623          1  0.0456579
      0.24  0.0178854          1  0.0351423
      0.25  0.0154893          1   0.030506
      0.26 0.00693167          1  0.0137679
      0.27 0.00526293          1  0.0104708
      0.28          0          0          0
      0.29          0          0          0
       0.3          0          0          0
      0.31          0          0          0
      0.32          0          0          0
      0.33          0          0          0
      0.34          0          0          0
      0.35          0          0          0
      0.36          0          0          0
      0.37          0          0          0
      0.38          0          0          0
      0.39          0          0          0
       0.4          0          0          0
      0.41          0          0          0
      0.42          0          0          0
      0.43          0          0          0
      0.44          0          0          0
      0.45          0          0          0
      0.46          0          0          0
      0.47          0          0          0
      0.48          0          0          0
      0.49          0          0          0
       0.5          0          0          0
      0.51          0          0          0
      0.52          0          0          0
      0.53          0          0          0
      0.54          0          0          0
      0.55          0          0          0
      0.56          0          0          0
      0.57          0          0          0
      0.58          0          0          0
      0.59          0          0          0
       0.6          0          0          0
      0.61          0          0          0
      0.62          0          0          0
      0.63          0          0          0
      0.64          0          0          0
      0.65          0          0          0
      0.66          0          0          0
      0.67          0          0          0
      0.68          0          0          0
      0.69          0          0          0
       0.7          0          0          0
      0.71          0          0          0
      0.72          0          0          0
      0.73          0          0          0
      0.74          0          0          0
      0.75          0          0          0
      0.76          0          0          0
      0.77          0          0          0
      0.78          0          0          0
      0.79          0          0          0
       0.8          0          0          0
      0.81          0          0          0
      0.82          0          0          0
      0.83          0          0          0
      0.84          0          0          0
      0.85          0          0          0
      0.86          0          0          0
      0.87          0          0          0
      0.88          0          0          0
      0.89          0          0          0
       0.9          0          0          0
      0.91          0          0          0
      0.92          0          0          0
      0.93          0          0          0
      0.94          0          0          0
      0.95          0          0          0
      0.96          0          0          0
      0.97          0          0          0
      0.98          0          0          0
      0.99          0          0          0
