         0          1   0.150167   0.261123
      0.01   0.863839   0.166363   0.278996
      0.02   0.848468   0.166359   0.278176
      0.03   0.824936    0.17266   0.285553
      0.04   0.738116   0.179539   0.288824
      0.05   0.663441   0.180182   0.283397
      0.06   0.538476    0.17655   0.265914
      0.07   0.458582   0.174627   0.252936
      0.08   0.337983     0.1661   0.222737
      0.09   0.291773   0.160184   0.206822
       0.1   0.229434   0.147318   0.179427
      0.11    0.18645    0.14363   0.162263
      0.12   0.166904   0.142993   0.154026
      0.13   0.151248   0.145749   0.148447
      0.14   0.141569   0.145875    0.14369
      0.15   0.119746   0.149388   0.132934
      0.16   0.108929   0.159533   0.129462
      0.17   0.106082   0.173432   0.131643
      0.18  0.0983015   0.177515   0.126533
      0.19  0.0781858    0.15493   0.103925
       0.2  0.0634785   0.152174  0.0895865
      0.21  0.0445963   0.171053  0.0707475
      0.22  0.0380492   0.182692  0.0629813
      0.23  0.0288452   0.174497  0.0495067
      0.24  0.0205902   0.234568  0.0378573
      0.25  0.0205902   0.309091  0.0386085
      0.26  0.0154664   0.333333  0.0295611
      0.27  0.0125249   0.277778  0.0239691
      0.28  0.0113863   0.363636  0.0220811
      0.29 0.00711642      0.375  0.0139678
       0.3          0          0          0
      0.31          0          0          0
      0.32          0          0          0
      0.33          0          0          0
      0.34          0          0          0
      0.35          0          0          0
      0.36          0          0          0
      0.37          0          0          0
      0.38          0          0          0
      0.39          0          0          0
       0.4          0          0          0
      0.41          0          0          0
      0.42          0          0          0
      0.43          0          0          0
      0.44          0          0          0
      0.45          0          0          0
      0.46          0          0          0
      0.47          0          0          0
      0.48          0          0          0
      0.49          0          0          0
       0.5          0          0          0
      0.51          0          0          0
      0.52          0          0          0
      0.53          0          0          0
      0.54          0          0          0
      0.55          0          0          0
      0.56          0          0          0
      0.57          0          0          0
      0.58          0          0          0
      0.59          0          0          0
       0.6          0          0          0
      0.61          0          0          0
      0.62          0          0          0
      0.63          0          0          0
      0.64          0          0          0
      0.65          0          0          0
      0.66          0          0          0
      0.67          0          0          0
      0.68          0          0          0
      0.69          0          0          0
       0.7          0          0          0
      0.71          0          0          0
      0.72          0          0          0
      0.73          0          0          0
      0.74          0          0          0
      0.75          0          0          0
      0.76          0          0          0
      0.77          0          0          0
      0.78          0          0          0
      0.79          0          0          0
       0.8          0          0          0
      0.81          0          0          0
      0.82          0          0          0
      0.83          0          0          0
      0.84          0          0          0
      0.85          0          0          0
      0.86          0          0          0
      0.87          0          0          0
      0.88          0          0          0
      0.89          0          0          0
       0.9          0          0          0
      0.91          0          0          0
      0.92          0          0          0
      0.93          0          0          0
      0.94          0          0          0
      0.95          0          0          0
      0.96          0          0          0
      0.97          0          0          0
      0.98          0          0          0
      0.99          0          0          0
