         0          1   0.230724    0.37494
      0.01   0.818666   0.202432     0.3246
      0.02   0.814859   0.204664   0.327158
      0.03   0.795397   0.210806   0.333282
      0.04   0.741327   0.229884   0.350941
      0.05   0.684634   0.241922   0.357513
      0.06   0.576663   0.254676   0.353315
      0.07   0.511508   0.259276   0.344121
      0.08   0.441614    0.26315   0.329787
      0.09   0.403791   0.268326   0.322407
       0.1   0.336013   0.268969   0.298776
      0.11   0.271958   0.272451   0.272205
      0.12   0.252412   0.273947   0.262739
      0.13   0.214334   0.278722   0.242324
      0.14   0.187003    0.27792   0.223572
      0.15   0.151464   0.299277   0.201134
      0.16    0.12591   0.308858   0.178892
      0.17  0.0892706     0.3125   0.138871
      0.18  0.0784397   0.330986   0.126824
      0.19  0.0574547   0.337931  0.0982116
       0.2  0.0405314   0.336364  0.0723453
      0.21   0.026485    0.37594  0.0494839
      0.22  0.0227619   0.395062  0.0430438
      0.23  0.0219157   0.483333  0.0419302
      0.24  0.0157387   0.567568  0.0306281
      0.25   0.014131   0.652174  0.0276626
      0.26  0.0115925   0.666667  0.0227887
      0.27 0.00956169   0.666667   0.018853
      0.28 0.00600778   0.555556   0.011887
      0.29 0.00482315   0.333333 0.00950872
       0.3          0          0          0
      0.31          0          0          0
      0.32          0          0          0
      0.33          0          0          0
      0.34          0          0          0
      0.35          0          0          0
      0.36          0          0          0
      0.37          0          0          0
      0.38          0          0          0
      0.39          0          0          0
       0.4          0          0          0
      0.41          0          0          0
      0.42          0          0          0
      0.43          0          0          0
      0.44          0          0          0
      0.45          0          0          0
      0.46          0          0          0
      0.47          0          0          0
      0.48          0          0          0
      0.49          0          0          0
       0.5          0          0          0
      0.51          0          0          0
      0.52          0          0          0
      0.53          0          0          0
      0.54          0          0          0
      0.55          0          0          0
      0.56          0          0          0
      0.57          0          0          0
      0.58          0          0          0
      0.59          0          0          0
       0.6          0          0          0
      0.61          0          0          0
      0.62          0          0          0
      0.63          0          0          0
      0.64          0          0          0
      0.65          0          0          0
      0.66          0          0          0
      0.67          0          0          0
      0.68          0          0          0
      0.69          0          0          0
       0.7          0          0          0
      0.71          0          0          0
      0.72          0          0          0
      0.73          0          0          0
      0.74          0          0          0
      0.75          0          0          0
      0.76          0          0          0
      0.77          0          0          0
      0.78          0          0          0
      0.79          0          0          0
       0.8          0          0          0
      0.81          0          0          0
      0.82          0          0          0
      0.83          0          0          0
      0.84          0          0          0
      0.85          0          0          0
      0.86          0          0          0
      0.87          0          0          0
      0.88          0          0          0
      0.89          0          0          0
       0.9          0          0          0
      0.91          0          0          0
      0.92          0          0          0
      0.93          0          0          0
      0.94          0          0          0
      0.95          0          0          0
      0.96          0          0          0
      0.97          0          0          0
      0.98          0          0          0
      0.99          0          0          0
