         0          1   0.418411   0.589971
      0.01   0.978448   0.544132   0.699345
      0.02   0.978068   0.545921   0.700724
      0.03   0.976802   0.547572   0.701757
      0.04   0.970251    0.55983   0.709996
      0.05   0.961042   0.569557   0.715234
      0.06   0.926419   0.599665   0.728061
      0.07   0.898475   0.642549    0.74926
      0.08   0.821508   0.733472   0.774998
      0.09   0.763814   0.778736   0.771203
       0.1   0.661371   0.836318   0.738627
      0.11   0.588044   0.876736   0.703941
      0.12    0.55725   0.894157   0.686602
      0.13   0.515159   0.929803   0.662988
      0.14   0.486961   0.939465    0.64144
      0.15   0.448541   0.957988   0.611003
      0.16   0.426894   0.969295   0.592737
      0.17      0.393   0.976727   0.560482
      0.18   0.370055   0.980245    0.53728
      0.19    0.35075   0.986167   0.517456
       0.2   0.333977   0.985826   0.498928
      0.21   0.310368   0.983532    0.47184
      0.22   0.286062   0.981221    0.44298
      0.23   0.265555   0.979938    0.41787
      0.24    0.22052   0.978261    0.35991
      0.25   0.189442   0.976716   0.317335
      0.26   0.141749   0.969805   0.247346
      0.27   0.114184   0.965347   0.204214
      0.28  0.0680423   0.956897    0.12705
      0.29  0.0472498    0.93985  0.0899762
       0.3  0.0288942   0.934426  0.0560551
      0.31  0.0102222   0.894737  0.0202134
      0.32 0.00468384          1 0.00932401
      0.33 0.000348123          1 0.000696004
      0.34          0          0          0
      0.35          0          0          0
      0.36          0          0          0
      0.37          0          0          0
      0.38          0          0          0
      0.39          0          0          0
       0.4          0          0          0
      0.41          0          0          0
      0.42          0          0          0
      0.43          0          0          0
      0.44          0          0          0
      0.45          0          0          0
      0.46          0          0          0
      0.47          0          0          0
      0.48          0          0          0
      0.49          0          0          0
       0.5          0          0          0
      0.51          0          0          0
      0.52          0          0          0
      0.53          0          0          0
      0.54          0          0          0
      0.55          0          0          0
      0.56          0          0          0
      0.57          0          0          0
      0.58          0          0          0
      0.59          0          0          0
       0.6          0          0          0
      0.61          0          0          0
      0.62          0          0          0
      0.63          0          0          0
      0.64          0          0          0
      0.65          0          0          0
      0.66          0          0          0
      0.67          0          0          0
      0.68          0          0          0
      0.69          0          0          0
       0.7          0          0          0
      0.71          0          0          0
      0.72          0          0          0
      0.73          0          0          0
      0.74          0          0          0
      0.75          0          0          0
      0.76          0          0          0
      0.77          0          0          0
      0.78          0          0          0
      0.79          0          0          0
       0.8          0          0          0
      0.81          0          0          0
      0.82          0          0          0
      0.83          0          0          0
      0.84          0          0          0
      0.85          0          0          0
      0.86          0          0          0
      0.87          0          0          0
      0.88          0          0          0
      0.89          0          0          0
       0.9          0          0          0
      0.91          0          0          0
      0.92          0          0          0
      0.93          0          0          0
      0.94          0          0          0
      0.95          0          0          0
      0.96          0          0          0
      0.97          0          0          0
      0.98          0          0          0
      0.99          0          0          0
