         0          1   0.223412   0.365227
      0.01   0.960881   0.308114   0.466607
      0.02   0.960811    0.30933   0.467992
      0.03   0.958067   0.312715   0.471524
      0.04   0.946106   0.324043   0.482745
      0.05   0.926757   0.335701   0.492869
      0.06   0.876803   0.357553   0.507962
      0.07   0.833251   0.367994   0.510522
      0.08   0.708155     0.3887   0.501907
      0.09   0.631464   0.407152   0.495086
       0.1    0.49511   0.428933   0.459652
      0.11   0.377542   0.451995   0.411427
      0.12   0.322451   0.464328   0.380598
      0.13   0.252656   0.501815   0.336094
      0.14   0.203054   0.519802    0.29203
      0.15   0.141842   0.560254   0.226372
      0.16   0.109688   0.574713   0.184217
      0.17  0.0774643   0.566372   0.136288
      0.18  0.0707803   0.591954   0.126442
      0.19  0.0474917       0.56   0.087558
       0.2  0.0289875   0.619048  0.0553818
      0.21  0.0173785   0.647059  0.0338478
      0.22  0.0109759   0.722222  0.0216231
      0.23 0.00499543          1 0.00994119
      0.24 0.00119609          1 0.00238932
      0.25          0          0          0
      0.26          0          0          0
      0.27          0          0          0
      0.28          0          0          0
      0.29          0          0          0
       0.3          0          0          0
      0.31          0          0          0
      0.32          0          0          0
      0.33          0          0          0
      0.34          0          0          0
      0.35          0          0          0
      0.36          0          0          0
      0.37          0          0          0
      0.38          0          0          0
      0.39          0          0          0
       0.4          0          0          0
      0.41          0          0          0
      0.42          0          0          0
      0.43          0          0          0
      0.44          0          0          0
      0.45          0          0          0
      0.46          0          0          0
      0.47          0          0          0
      0.48          0          0          0
      0.49          0          0          0
       0.5          0          0          0
      0.51          0          0          0
      0.52          0          0          0
      0.53          0          0          0
      0.54          0          0          0
      0.55          0          0          0
      0.56          0          0          0
      0.57          0          0          0
      0.58          0          0          0
      0.59          0          0          0
       0.6          0          0          0
      0.61          0          0          0
      0.62          0          0          0
      0.63          0          0          0
      0.64          0          0          0
      0.65          0          0          0
      0.66          0          0          0
      0.67          0          0          0
      0.68          0          0          0
      0.69          0          0          0
       0.7          0          0          0
      0.71          0          0          0
      0.72          0          0          0
      0.73          0          0          0
      0.74          0          0          0
      0.75          0          0          0
      0.76          0          0          0
      0.77          0          0          0
      0.78          0          0          0
      0.79          0          0          0
       0.8          0          0          0
      0.81          0          0          0
      0.82          0          0          0
      0.83          0          0          0
      0.84          0          0          0
      0.85          0          0          0
      0.86          0          0          0
      0.87          0          0          0
      0.88          0          0          0
      0.89          0          0          0
       0.9          0          0          0
      0.91          0          0          0
      0.92          0          0          0
      0.93          0          0          0
      0.94          0          0          0
      0.95          0          0          0
      0.96          0          0          0
      0.97          0          0          0
      0.98          0          0          0
      0.99          0          0          0
