         0          1   0.263807   0.417479
      0.01   0.972162   0.458991   0.623572
      0.02   0.969027   0.499692    0.65937
      0.03   0.955354   0.531154   0.682728
      0.04   0.912257   0.573218   0.704047
      0.05   0.871992     0.6022   0.712409
      0.06   0.788329   0.637736   0.705081
      0.07   0.725137   0.653985   0.687725
      0.08   0.623607   0.677015   0.649215
      0.09   0.558829   0.692058   0.618349
       0.1    0.44559   0.713813   0.548675
      0.11   0.343343   0.743512   0.469758
      0.12   0.260548   0.753203   0.387167
      0.13   0.193352   0.786229   0.310376
      0.14   0.184212     0.7962   0.299199
      0.15   0.177828    0.81384   0.291879
      0.16   0.167365   0.840044   0.279121
      0.17   0.153692   0.871212    0.26129
      0.18   0.146818   0.874826   0.251438
      0.19   0.130614   0.891525   0.227847
       0.2   0.116412   0.891262   0.205926
      0.21   0.108026   0.908213   0.193086
      0.22  0.0982059   0.943396   0.177893
      0.23  0.0824929   0.948819   0.151789
      0.24  0.0588857   0.970588   0.111035
      0.25  0.0460434    0.98374  0.0879695
      0.26   0.024627          1  0.0480702
      0.27  0.0108782          1  0.0215223
      0.28          0          0          0
      0.29          0          0          0
       0.3          0          0          0
      0.31          0          0          0
      0.32          0          0          0
      0.33          0          0          0
      0.34          0          0          0
      0.35          0          0          0
      0.36          0          0          0
      0.37          0          0          0
      0.38          0          0          0
      0.39          0          0          0
       0.4          0          0          0
      0.41          0          0          0
      0.42          0          0          0
      0.43          0          0          0
      0.44          0          0          0
      0.45          0          0          0
      0.46          0          0          0
      0.47          0          0          0
      0.48          0          0          0
      0.49          0          0          0
       0.5          0          0          0
      0.51          0          0          0
      0.52          0          0          0
      0.53          0          0          0
      0.54          0          0          0
      0.55          0          0          0
      0.56          0          0          0
      0.57          0          0          0
      0.58          0          0          0
      0.59          0          0          0
       0.6          0          0          0
      0.61          0          0          0
      0.62          0          0          0
      0.63          0          0          0
      0.64          0          0          0
      0.65          0          0          0
      0.66          0          0          0
      0.67          0          0          0
      0.68          0          0          0
      0.69          0          0          0
       0.7          0          0          0
      0.71          0          0          0
      0.72          0          0          0
      0.73          0          0          0
      0.74          0          0          0
      0.75          0          0          0
      0.76          0          0          0
      0.77          0          0          0
      0.78          0          0          0
      0.79          0          0          0
       0.8          0          0          0
      0.81          0          0          0
      0.82          0          0          0
      0.83          0          0          0
      0.84          0          0          0
      0.85          0          0          0
      0.86          0          0          0
      0.87          0          0          0
      0.88          0          0          0
      0.89          0          0          0
       0.9          0          0          0
      0.91          0          0          0
      0.92          0          0          0
      0.93          0          0          0
      0.94          0          0          0
      0.95          0          0          0
      0.96          0          0          0
      0.97          0          0          0
      0.98          0          0          0
      0.99          0          0          0
