         0          1   0.235879   0.381719
      0.01   0.964389    0.37417   0.539155
      0.02   0.932099   0.463351   0.618996
      0.03   0.864552   0.539156   0.664139
      0.04   0.731435   0.651712   0.689276
      0.05   0.672649   0.712577   0.692037
      0.06   0.602487   0.811565   0.691569
      0.07   0.547446   0.875871   0.673767
      0.08    0.45531   0.912678   0.607537
      0.09   0.412421   0.925852   0.570647
       0.1   0.333922   0.926509   0.490914
      0.11    0.25832   0.943709   0.405612
      0.12   0.229209    0.95283   0.369527
      0.13   0.168727    0.98995   0.288315
      0.14   0.154949          1   0.268323
      0.15   0.140041          1   0.245677
      0.16   0.108104          1   0.195116
      0.17  0.0841518          1    0.15524
      0.18  0.0750371          1   0.139599
      0.19  0.0610471          1    0.11507
       0.2  0.0556772          1   0.105482
      0.21  0.0429591          1  0.0823792
      0.22  0.0155444          1   0.030613
      0.23  0.0154738          1  0.0304759
      0.24  0.0125062          1  0.0247034
      0.25  0.0124355          1  0.0245656
      0.26  0.0112344          1  0.0222191
      0.27  0.0101745          1  0.0201441
      0.28          0          0          0
      0.29          0          0          0
       0.3          0          0          0
      0.31          0          0          0
      0.32          0          0          0
      0.33          0          0          0
      0.34          0          0          0
      0.35          0          0          0
      0.36          0          0          0
      0.37          0          0          0
      0.38          0          0          0
      0.39          0          0          0
       0.4          0          0          0
      0.41          0          0          0
      0.42          0          0          0
      0.43          0          0          0
      0.44          0          0          0
      0.45          0          0          0
      0.46          0          0          0
      0.47          0          0          0
      0.48          0          0          0
      0.49          0          0          0
       0.5          0          0          0
      0.51          0          0          0
      0.52          0          0          0
      0.53          0          0          0
      0.54          0          0          0
      0.55          0          0          0
      0.56          0          0          0
      0.57          0          0          0
      0.58          0          0          0
      0.59          0          0          0
       0.6          0          0          0
      0.61          0          0          0
      0.62          0          0          0
      0.63          0          0          0
      0.64          0          0          0
      0.65          0          0          0
      0.66          0          0          0
      0.67          0          0          0
      0.68          0          0          0
      0.69          0          0          0
       0.7          0          0          0
      0.71          0          0          0
      0.72          0          0          0
      0.73          0          0          0
      0.74          0          0          0
      0.75          0          0          0
      0.76          0          0          0
      0.77          0          0          0
      0.78          0          0          0
      0.79          0          0          0
       0.8          0          0          0
      0.81          0          0          0
      0.82          0          0          0
      0.83          0          0          0
      0.84          0          0          0
      0.85          0          0          0
      0.86          0          0          0
      0.87          0          0          0
      0.88          0          0          0
      0.89          0          0          0
       0.9          0          0          0
      0.91          0          0          0
      0.92          0          0          0
      0.93          0          0          0
      0.94          0          0          0
      0.95          0          0          0
      0.96          0          0          0
      0.97          0          0          0
      0.98          0          0          0
      0.99          0          0          0
