         0          1   0.265439    0.41952
      0.01   0.902832   0.329412   0.482703
      0.02   0.896481   0.336803   0.489648
      0.03   0.885219   0.353354   0.505091
      0.04   0.850873   0.389673   0.534542
      0.05   0.819921   0.420151   0.555598
      0.06   0.776189   0.470907   0.586182
      0.07    0.73074   0.509457   0.600357
      0.08   0.661488   0.548949   0.599987
      0.09   0.594073   0.574447   0.584095
       0.1   0.526658   0.599246   0.560612
      0.11   0.421662   0.602398   0.496081
      0.12   0.359719   0.611281   0.452913
      0.13   0.285714   0.606167   0.388371
      0.14   0.242901    0.59065   0.344237
      0.15   0.197093   0.598319   0.296511
      0.16   0.150725   0.619154   0.242433
      0.17  0.0945725   0.617544   0.164026
      0.18  0.0750829    0.61086   0.133729
      0.19  0.0614641   0.638158   0.112129
       0.2  0.0558728      0.664   0.103073
      0.21  0.0441711   0.684211  0.0829849
      0.22  0.0393386   0.676056  0.0743509
      0.23  0.0339071   0.684211  0.0646123
      0.24  0.0266784   0.652174  0.0512599
      0.25  0.0231239        0.6  0.0445316
      0.26  0.0158952   0.578947  0.0309409
      0.27 0.00774791   0.461538    0.01524
      0.28          0          0          0
      0.29          0          0          0
       0.3          0          0          0
      0.31          0          0          0
      0.32          0          0          0
      0.33          0          0          0
      0.34          0          0          0
      0.35          0          0          0
      0.36          0          0          0
      0.37          0          0          0
      0.38          0          0          0
      0.39          0          0          0
       0.4          0          0          0
      0.41          0          0          0
      0.42          0          0          0
      0.43          0          0          0
      0.44          0          0          0
      0.45          0          0          0
      0.46          0          0          0
      0.47          0          0          0
      0.48          0          0          0
      0.49          0          0          0
       0.5          0          0          0
      0.51          0          0          0
      0.52          0          0          0
      0.53          0          0          0
      0.54          0          0          0
      0.55          0          0          0
      0.56          0          0          0
      0.57          0          0          0
      0.58          0          0          0
      0.59          0          0          0
       0.6          0          0          0
      0.61          0          0          0
      0.62          0          0          0
      0.63          0          0          0
      0.64          0          0          0
      0.65          0          0          0
      0.66          0          0          0
      0.67          0          0          0
      0.68          0          0          0
      0.69          0          0          0
       0.7          0          0          0
      0.71          0          0          0
      0.72          0          0          0
      0.73          0          0          0
      0.74          0          0          0
      0.75          0          0          0
      0.76          0          0          0
      0.77          0          0          0
      0.78          0          0          0
      0.79          0          0          0
       0.8          0          0          0
      0.81          0          0          0
      0.82          0          0          0
      0.83          0          0          0
      0.84          0          0          0
      0.85          0          0          0
      0.86          0          0          0
      0.87          0          0          0
      0.88          0          0          0
      0.89          0          0          0
       0.9          0          0          0
      0.91          0          0          0
      0.92          0          0          0
      0.93          0          0          0
      0.94          0          0          0
      0.95          0          0          0
      0.96          0          0          0
      0.97          0          0          0
      0.98          0          0          0
      0.99          0          0          0
