         0          1    0.32957   0.495755
      0.01   0.946175   0.435714   0.596664
      0.02   0.943579   0.457581   0.616295
      0.03    0.93592   0.498967   0.650913
      0.04   0.893498   0.579259   0.702854
      0.05   0.860182    0.63915   0.733373
      0.06   0.772785   0.713941   0.742198
      0.07   0.726108   0.751919   0.738788
      0.08   0.670028   0.794713   0.727064
      0.09    0.63335   0.810515   0.711063
       0.1   0.565739   0.823561   0.670727
      0.11   0.513233   0.827978   0.633674
      0.12   0.473577   0.829296   0.602876
      0.13   0.411454   0.832921   0.550813
      0.14   0.359416    0.83432   0.502403
      0.15   0.287975   0.850511   0.430267
      0.16   0.257085   0.868979   0.396782
      0.17    0.21696   0.886792   0.348626
      0.18   0.192707   0.900943   0.317502
      0.19   0.158795    0.91757   0.270736
       0.2   0.126245   0.922865   0.222106
      0.21   0.101268   0.956349   0.183143
      0.22  0.0837376   0.962366   0.154069
      0.23  0.0723343   0.965517   0.134586
      0.24  0.0543358   0.981651   0.102972
      0.25  0.0448472   0.976471  0.0857559
      0.26  0.0327206   0.982143  0.0633313
      0.27   0.030508          1  0.0592097
      0.28  0.0150625          1  0.0296781
      0.29  0.0116586          1  0.0230485
       0.3 0.00804187          1  0.0159554
      0.31          0          0          0
      0.32          0          0          0
      0.33          0          0          0
      0.34          0          0          0
      0.35          0          0          0
      0.36          0          0          0
      0.37          0          0          0
      0.38          0          0          0
      0.39          0          0          0
       0.4          0          0          0
      0.41          0          0          0
      0.42          0          0          0
      0.43          0          0          0
      0.44          0          0          0
      0.45          0          0          0
      0.46          0          0          0
      0.47          0          0          0
      0.48          0          0          0
      0.49          0          0          0
       0.5          0          0          0
      0.51          0          0          0
      0.52          0          0          0
      0.53          0          0          0
      0.54          0          0          0
      0.55          0          0          0
      0.56          0          0          0
      0.57          0          0          0
      0.58          0          0          0
      0.59          0          0          0
       0.6          0          0          0
      0.61          0          0          0
      0.62          0          0          0
      0.63          0          0          0
      0.64          0          0          0
      0.65          0          0          0
      0.66          0          0          0
      0.67          0          0          0
      0.68          0          0          0
      0.69          0          0          0
       0.7          0          0          0
      0.71          0          0          0
      0.72          0          0          0
      0.73          0          0          0
      0.74          0          0          0
      0.75          0          0          0
      0.76          0          0          0
      0.77          0          0          0
      0.78          0          0          0
      0.79          0          0          0
       0.8          0          0          0
      0.81          0          0          0
      0.82          0          0          0
      0.83          0          0          0
      0.84          0          0          0
      0.85          0          0          0
      0.86          0          0          0
      0.87          0          0          0
      0.88          0          0          0
      0.89          0          0          0
       0.9          0          0          0
      0.91          0          0          0
      0.92          0          0          0
      0.93          0          0          0
      0.94          0          0          0
      0.95          0          0          0
      0.96          0          0          0
      0.97          0          0          0
      0.98          0          0          0
      0.99          0          0          0
