         0          1   0.256164   0.407851
      0.01   0.978352   0.457837    0.62377
      0.02   0.977945   0.486048   0.649359
      0.03   0.976262   0.523377   0.681435
      0.04   0.963958   0.572133   0.718073
      0.05   0.943819   0.587829   0.724454
      0.06   0.890714   0.603297   0.719359
      0.07   0.858445   0.615741   0.717114
      0.08   0.819211   0.647283   0.723169
      0.09   0.785316   0.668792   0.722385
       0.1   0.722345   0.698856   0.710406
      0.11   0.646489   0.716851   0.679854
      0.12   0.565873   0.723585   0.635084
      0.13   0.511666   0.732632   0.602529
      0.14   0.475972   0.737913   0.578681
      0.15   0.413581    0.73036   0.528109
      0.16   0.384562   0.729761   0.503693
      0.17   0.326698   0.710852   0.447658
      0.18   0.301857   0.722653   0.425839
      0.19   0.268543   0.715576   0.390528
       0.2   0.212478   0.689755   0.324878
      0.21   0.145386   0.674468   0.239209
      0.22    0.10058   0.756494   0.177554
      0.23  0.0831689   0.810573   0.150859
      0.24  0.0558909     0.8125   0.104587
      0.25  0.0410911   0.823009  0.0782742
      0.26  0.0294254   0.861111  0.0569063
      0.27  0.0148578   0.857143  0.0292093
      0.28 0.00853163        0.8  0.0168832
      0.29 0.000638421        0.5 0.00127521
       0.3          0          0          0
      0.31          0          0          0
      0.32          0          0          0
      0.33          0          0          0
      0.34          0          0          0
      0.35          0          0          0
      0.36          0          0          0
      0.37          0          0          0
      0.38          0          0          0
      0.39          0          0          0
       0.4          0          0          0
      0.41          0          0          0
      0.42          0          0          0
      0.43          0          0          0
      0.44          0          0          0
      0.45          0          0          0
      0.46          0          0          0
      0.47          0          0          0
      0.48          0          0          0
      0.49          0          0          0
       0.5          0          0          0
      0.51          0          0          0
      0.52          0          0          0
      0.53          0          0          0
      0.54          0          0          0
      0.55          0          0          0
      0.56          0          0          0
      0.57          0          0          0
      0.58          0          0          0
      0.59          0          0          0
       0.6          0          0          0
      0.61          0          0          0
      0.62          0          0          0
      0.63          0          0          0
      0.64          0          0          0
      0.65          0          0          0
      0.66          0          0          0
      0.67          0          0          0
      0.68          0          0          0
      0.69          0          0          0
       0.7          0          0          0
      0.71          0          0          0
      0.72          0          0          0
      0.73          0          0          0
      0.74          0          0          0
      0.75          0          0          0
      0.76          0          0          0
      0.77          0          0          0
      0.78          0          0          0
      0.79          0          0          0
       0.8          0          0          0
      0.81          0          0          0
      0.82          0          0          0
      0.83          0          0          0
      0.84          0          0          0
      0.85          0          0          0
      0.86          0          0          0
      0.87          0          0          0
      0.88          0          0          0
      0.89          0          0          0
       0.9          0          0          0
      0.91          0          0          0
      0.92          0          0          0
      0.93          0          0          0
      0.94          0          0          0
      0.95          0          0          0
      0.96          0          0          0
      0.97          0          0          0
      0.98          0          0          0
      0.99          0          0          0
