         0          1   0.339259   0.506637
      0.01   0.985195   0.792938   0.878673
      0.02   0.972439   0.859642   0.912568
      0.03   0.945535   0.883547   0.913491
      0.04   0.883881   0.898832   0.891294
      0.05   0.839583   0.907505   0.872224
      0.06    0.76552   0.923366   0.837067
      0.07   0.711596   0.932124   0.807067
      0.08   0.640742   0.938193    0.76145
      0.09   0.561113   0.944796   0.704076
       0.1   0.411674   0.949438   0.574323
      0.11   0.318438   0.957576    0.47794
      0.12   0.275879   0.955224   0.428115
      0.13   0.201971   0.961424   0.333816
      0.14   0.160186   0.963636   0.274707
      0.15   0.123734   0.962175    0.21927
      0.16   0.100039   0.961538   0.181223
      0.17  0.0747971       0.96   0.138781
      0.18  0.0632393   0.953704   0.118613
      0.19  0.0422884   0.957143  0.0809981
       0.2  0.0363355   0.943925  0.0699773
      0.21  0.0214148      0.925  0.0418604
      0.22  0.0176266   0.890909  0.0345692
      0.23   0.013993   0.904762  0.0275598
      0.24 0.00977967   0.833333  0.0193325
      0.25 0.00792424   0.933333   0.015715
      0.26 0.00255122          1 0.00508945
      0.27 0.00216467          1 0.00431999
      0.28 0.00177812          1 0.00354993
      0.29 0.00150754          1 0.00301054
       0.3          0          0          0
      0.31          0          0          0
      0.32          0          0          0
      0.33          0          0          0
      0.34          0          0          0
      0.35          0          0          0
      0.36          0          0          0
      0.37          0          0          0
      0.38          0          0          0
      0.39          0          0          0
       0.4          0          0          0
      0.41          0          0          0
      0.42          0          0          0
      0.43          0          0          0
      0.44          0          0          0
      0.45          0          0          0
      0.46          0          0          0
      0.47          0          0          0
      0.48          0          0          0
      0.49          0          0          0
       0.5          0          0          0
      0.51          0          0          0
      0.52          0          0          0
      0.53          0          0          0
      0.54          0          0          0
      0.55          0          0          0
      0.56          0          0          0
      0.57          0          0          0
      0.58          0          0          0
      0.59          0          0          0
       0.6          0          0          0
      0.61          0          0          0
      0.62          0          0          0
      0.63          0          0          0
      0.64          0          0          0
      0.65          0          0          0
      0.66          0          0          0
      0.67          0          0          0
      0.68          0          0          0
      0.69          0          0          0
       0.7          0          0          0
      0.71          0          0          0
      0.72          0          0          0
      0.73          0          0          0
      0.74          0          0          0
      0.75          0          0          0
      0.76          0          0          0
      0.77          0          0          0
      0.78          0          0          0
      0.79          0          0          0
       0.8          0          0          0
      0.81          0          0          0
      0.82          0          0          0
      0.83          0          0          0
      0.84          0          0          0
      0.85          0          0          0
      0.86          0          0          0
      0.87          0          0          0
      0.88          0          0          0
      0.89          0          0          0
       0.9          0          0          0
      0.91          0          0          0
      0.92          0          0          0
      0.93          0          0          0
      0.94          0          0          0
      0.95          0          0          0
      0.96          0          0          0
      0.97          0          0          0
      0.98          0          0          0
      0.99          0          0          0
