         0          1   0.393948   0.565226
      0.01    0.95469   0.421456   0.584763
      0.02   0.950092   0.434383   0.596188
      0.03   0.924448   0.463179   0.617147
      0.04   0.824844   0.512366   0.632096
      0.05   0.725099   0.551823   0.626704
      0.06   0.558503   0.615177   0.585472
      0.07   0.447192    0.65871   0.532723
      0.08   0.306699   0.728583   0.431681
      0.09    0.23716   0.765533   0.362133
       0.1    0.17275   0.824111   0.285627
      0.11   0.125071   0.877323   0.218931
      0.12  0.0947227    0.87027    0.17085
      0.13  0.0540818   0.878049   0.101888
      0.14   0.036644   0.893617  0.0704012
      0.15  0.0137946   0.894737  0.0271702
      0.16 0.00512875   0.916667  0.0102004
      0.17 0.00491653          1 0.00978494
      0.18 0.00247595          1 0.00493967
      0.19 0.00215761          1 0.00430593
       0.2          0          0          0
      0.21          0          0          0
      0.22          0          0          0
      0.23          0          0          0
      0.24          0          0          0
      0.25          0          0          0
      0.26          0          0          0
      0.27          0          0          0
      0.28          0          0          0
      0.29          0          0          0
       0.3          0          0          0
      0.31          0          0          0
      0.32          0          0          0
      0.33          0          0          0
      0.34          0          0          0
      0.35          0          0          0
      0.36          0          0          0
      0.37          0          0          0
      0.38          0          0          0
      0.39          0          0          0
       0.4          0          0          0
      0.41          0          0          0
      0.42          0          0          0
      0.43          0          0          0
      0.44          0          0          0
      0.45          0          0          0
      0.46          0          0          0
      0.47          0          0          0
      0.48          0          0          0
      0.49          0          0          0
       0.5          0          0          0
      0.51          0          0          0
      0.52          0          0          0
      0.53          0          0          0
      0.54          0          0          0
      0.55          0          0          0
      0.56          0          0          0
      0.57          0          0          0
      0.58          0          0          0
      0.59          0          0          0
       0.6          0          0          0
      0.61          0          0          0
      0.62          0          0          0
      0.63          0          0          0
      0.64          0          0          0
      0.65          0          0          0
      0.66          0          0          0
      0.67          0          0          0
      0.68          0          0          0
      0.69          0          0          0
       0.7          0          0          0
      0.71          0          0          0
      0.72          0          0          0
      0.73          0          0          0
      0.74          0          0          0
      0.75          0          0          0
      0.76          0          0          0
      0.77          0          0          0
      0.78          0          0          0
      0.79          0          0          0
       0.8          0          0          0
      0.81          0          0          0
      0.82          0          0          0
      0.83          0          0          0
      0.84          0          0          0
      0.85          0          0          0
      0.86          0          0          0
      0.87          0          0          0
      0.88          0          0          0
      0.89          0          0          0
       0.9          0          0          0
      0.91          0          0          0
      0.92          0          0          0
      0.93          0          0          0
      0.94          0          0          0
      0.95          0          0          0
      0.96          0          0          0
      0.97          0          0          0
      0.98          0          0          0
      0.99          0          0          0
