         0          1   0.310743   0.474148
      0.01   0.952272   0.347947   0.509668
      0.02   0.951911   0.364055   0.526683
      0.03   0.949946   0.406332   0.569195
      0.04   0.940721   0.518166   0.668249
      0.05   0.929932    0.59857   0.728333
      0.06   0.900253   0.699706    0.78741
      0.07   0.872538   0.755218    0.80965
      0.08    0.80973   0.819496   0.814584
      0.09   0.759074    0.85256   0.803106
       0.1   0.691132   0.887519    0.77711
      0.11    0.61573   0.911351   0.734927
      0.12   0.577026   0.921299   0.709611
      0.13   0.501945   0.926081   0.651027
      0.14   0.454137   0.920687    0.60825
      0.15   0.380299   0.911702   0.536717
      0.16   0.326635   0.902778   0.479707
      0.17   0.239081   0.881557   0.376149
      0.18   0.196848   0.863179   0.320586
      0.19   0.143705   0.832021    0.24508
       0.2   0.131192   0.819572   0.226178
      0.21   0.105964   0.776471   0.186479
      0.22  0.0772871   0.718919    0.13957
      0.23  0.0697469    0.69697   0.126804
      0.24  0.0437172   0.654867  0.0819627
      0.25  0.0368989   0.621053  0.0696591
      0.26  0.0240244   0.660714   0.046363
      0.27  0.0184093   0.769231  0.0359581
      0.28 0.00870332       0.85  0.0172302
      0.29 0.00733967          1  0.0145724
       0.3 0.00340914          1 0.00679511
      0.31  0.0026872          1    0.00536
      0.32          0          0          0
      0.33          0          0          0
      0.34          0          0          0
      0.35          0          0          0
      0.36          0          0          0
      0.37          0          0          0
      0.38          0          0          0
      0.39          0          0          0
       0.4          0          0          0
      0.41          0          0          0
      0.42          0          0          0
      0.43          0          0          0
      0.44          0          0          0
      0.45          0          0          0
      0.46          0          0          0
      0.47          0          0          0
      0.48          0          0          0
      0.49          0          0          0
       0.5          0          0          0
      0.51          0          0          0
      0.52          0          0          0
      0.53          0          0          0
      0.54          0          0          0
      0.55          0          0          0
      0.56          0          0          0
      0.57          0          0          0
      0.58          0          0          0
      0.59          0          0          0
       0.6          0          0          0
      0.61          0          0          0
      0.62          0          0          0
      0.63          0          0          0
      0.64          0          0          0
      0.65          0          0          0
      0.66          0          0          0
      0.67          0          0          0
      0.68          0          0          0
      0.69          0          0          0
       0.7          0          0          0
      0.71          0          0          0
      0.72          0          0          0
      0.73          0          0          0
      0.74          0          0          0
      0.75          0          0          0
      0.76          0          0          0
      0.77          0          0          0
      0.78          0          0          0
      0.79          0          0          0
       0.8          0          0          0
      0.81          0          0          0
      0.82          0          0          0
      0.83          0          0          0
      0.84          0          0          0
      0.85          0          0          0
      0.86          0          0          0
      0.87          0          0          0
      0.88          0          0          0
      0.89          0          0          0
       0.9          0          0          0
      0.91          0          0          0
      0.92          0          0          0
      0.93          0          0          0
      0.94          0          0          0
      0.95          0          0          0
      0.96          0          0          0
      0.97          0          0          0
      0.98          0          0          0
      0.99          0          0          0
