         0          1   0.172013   0.293534
      0.01    0.97741   0.219904   0.359031
      0.02   0.951879   0.284851   0.438485
      0.03   0.910212   0.369029   0.525147
      0.04   0.825588   0.466148   0.595859
      0.05   0.766997   0.515381   0.616504
      0.06   0.677854   0.580063   0.625158
      0.07   0.626363    0.59857   0.612151
      0.08   0.537722   0.600666   0.567454
      0.09   0.460341   0.595014   0.519085
       0.1   0.382889    0.57483   0.459625
      0.11   0.312321    0.54538   0.397186
      0.12   0.282917   0.524113   0.367472
      0.13   0.246486   0.478402   0.325345
      0.14   0.225473   0.453584   0.301215
      0.15   0.183663   0.399464   0.251632
      0.16   0.156627   0.351391   0.216674
      0.17   0.124426   0.284053    0.17305
      0.18   0.100832   0.232852   0.140725
      0.19  0.0687034   0.168103  0.0975417
       0.2   0.055436   0.138498  0.0791792
      0.21  0.0327022  0.0906667  0.0480673
      0.22  0.0146299  0.0441176  0.0219733
      0.23  0.0126219  0.0481928  0.0200045
      0.24 0.00272519       0.04 0.00510273
      0.25          0          0          0
      0.26          0          0          0
      0.27          0          0          0
      0.28          0          0          0
      0.29          0          0          0
       0.3          0          0          0
      0.31          0          0          0
      0.32          0          0          0
      0.33          0          0          0
      0.34          0          0          0
      0.35          0          0          0
      0.36          0          0          0
      0.37          0          0          0
      0.38          0          0          0
      0.39          0          0          0
       0.4          0          0          0
      0.41          0          0          0
      0.42          0          0          0
      0.43          0          0          0
      0.44          0          0          0
      0.45          0          0          0
      0.46          0          0          0
      0.47          0          0          0
      0.48          0          0          0
      0.49          0          0          0
       0.5          0          0          0
      0.51          0          0          0
      0.52          0          0          0
      0.53          0          0          0
      0.54          0          0          0
      0.55          0          0          0
      0.56          0          0          0
      0.57          0          0          0
      0.58          0          0          0
      0.59          0          0          0
       0.6          0          0          0
      0.61          0          0          0
      0.62          0          0          0
      0.63          0          0          0
      0.64          0          0          0
      0.65          0          0          0
      0.66          0          0          0
      0.67          0          0          0
      0.68          0          0          0
      0.69          0          0          0
       0.7          0          0          0
      0.71          0          0          0
      0.72          0          0          0
      0.73          0          0          0
      0.74          0          0          0
      0.75          0          0          0
      0.76          0          0          0
      0.77          0          0          0
      0.78          0          0          0
      0.79          0          0          0
       0.8          0          0          0
      0.81          0          0          0
      0.82          0          0          0
      0.83          0          0          0
      0.84          0          0          0
      0.85          0          0          0
      0.86          0          0          0
      0.87          0          0          0
      0.88          0          0          0
      0.89          0          0          0
       0.9          0          0          0
      0.91          0          0          0
      0.92          0          0          0
      0.93          0          0          0
      0.94          0          0          0
      0.95          0          0          0
      0.96          0          0          0
      0.97          0          0          0
      0.98          0          0          0
      0.99          0          0          0
