         0          1   0.171113   0.292223
      0.01   0.971423   0.142988   0.249283
      0.02    0.97028   0.146352   0.254341
      0.03   0.966375   0.156194   0.268923
      0.04   0.940465   0.187135   0.312157
      0.05   0.896742    0.21272   0.343869
      0.06   0.772147   0.271058   0.401257
      0.07   0.703467   0.322236   0.442004
      0.08   0.622881   0.401635   0.488368
      0.09   0.565822   0.457285   0.505796
       0.1   0.455039   0.534151   0.491431
      0.11   0.365689   0.605146   0.455886
      0.12   0.318632   0.664344   0.430695
      0.13   0.258621   0.729927   0.381922
      0.14   0.217756   0.775463   0.340029
      0.15     0.1486   0.841924   0.252613
      0.16   0.141074   0.875502   0.242994
      0.17   0.112212   0.956284   0.200855
      0.18  0.0985902   0.968944    0.17897
      0.19  0.0856354   0.969466    0.15737
       0.2  0.0845875   0.966667   0.155563
      0.21  0.0634407   0.989362   0.119236
      0.22  0.0559154   0.987952   0.105841
      0.23  0.0525814   0.986301  0.0998402
      0.24  0.0480091          1  0.0916197
      0.25  0.0469613          1  0.0897098
      0.26  0.0373404          1  0.0719927
      0.27  0.0272433          1  0.0530415
      0.28  0.0180034          1  0.0353701
      0.29  0.0112402          1  0.0222306
       0.3  0.0103829          1  0.0205525
      0.31 0.00428653          1 0.00853647
      0.32          0          0          0
      0.33          0          0          0
      0.34          0          0          0
      0.35          0          0          0
      0.36          0          0          0
      0.37          0          0          0
      0.38          0          0          0
      0.39          0          0          0
       0.4          0          0          0
      0.41          0          0          0
      0.42          0          0          0
      0.43          0          0          0
      0.44          0          0          0
      0.45          0          0          0
      0.46          0          0          0
      0.47          0          0          0
      0.48          0          0          0
      0.49          0          0          0
       0.5          0          0          0
      0.51          0          0          0
      0.52          0          0          0
      0.53          0          0          0
      0.54          0          0          0
      0.55          0          0          0
      0.56          0          0          0
      0.57          0          0          0
      0.58          0          0          0
      0.59          0          0          0
       0.6          0          0          0
      0.61          0          0          0
      0.62          0          0          0
      0.63          0          0          0
      0.64          0          0          0
      0.65          0          0          0
      0.66          0          0          0
      0.67          0          0          0
      0.68          0          0          0
      0.69          0          0          0
       0.7          0          0          0
      0.71          0          0          0
      0.72          0          0          0
      0.73          0          0          0
      0.74          0          0          0
      0.75          0          0          0
      0.76          0          0          0
      0.77          0          0          0
      0.78          0          0          0
      0.79          0          0          0
       0.8          0          0          0
      0.81          0          0          0
      0.82          0          0          0
      0.83          0          0          0
      0.84          0          0          0
      0.85          0          0          0
      0.86          0          0          0
      0.87          0          0          0
      0.88          0          0          0
      0.89          0          0          0
       0.9          0          0          0
      0.91          0          0          0
      0.92          0          0          0
      0.93          0          0          0
      0.94          0          0          0
      0.95          0          0          0
      0.96          0          0          0
      0.97          0          0          0
      0.98          0          0          0
      0.99          0          0          0
