         0          1   0.216663    0.35616
      0.01   0.997871   0.702947   0.824839
      0.02   0.995879   0.737116   0.847179
      0.03   0.989764   0.765072   0.863033
      0.04   0.982246   0.828128   0.898627
      0.05   0.980707   0.874523   0.924576
      0.06   0.975725   0.929942   0.952283
      0.07   0.972011   0.950305   0.961035
      0.08   0.965534   0.972885   0.969196
      0.09   0.959918   0.983364     0.9715
       0.1   0.941486   0.990891   0.965557
      0.11    0.92885   0.996049   0.961276
      0.12   0.909194    0.99772   0.951402
      0.13   0.854348   0.998556    0.92084
      0.14   0.815489   0.999223   0.898055
      0.15   0.765851          1   0.867402
      0.16   0.733379          1   0.846184
      0.17   0.678442          1   0.808419
      0.18   0.639493          1    0.78011
      0.19   0.564312          1   0.721482
       0.2   0.501676          1   0.668155
      0.21   0.434239          1   0.605532
      0.22   0.354937          1   0.523916
      0.23   0.310054          1   0.473346
      0.24   0.204982          1   0.340224
      0.25   0.140444          1   0.246297
      0.26   0.068433          1     0.1281
      0.27  0.0509058          1  0.0968798
      0.28  0.0237319          1  0.0463635
      0.29 0.00878623          1  0.0174194
       0.3          0          0          0
      0.31          0          0          0
      0.32          0          0          0
      0.33          0          0          0
      0.34          0          0          0
      0.35          0          0          0
      0.36          0          0          0
      0.37          0          0          0
      0.38          0          0          0
      0.39          0          0          0
       0.4          0          0          0
      0.41          0          0          0
      0.42          0          0          0
      0.43          0          0          0
      0.44          0          0          0
      0.45          0          0          0
      0.46          0          0          0
      0.47          0          0          0
      0.48          0          0          0
      0.49          0          0          0
       0.5          0          0          0
      0.51          0          0          0
      0.52          0          0          0
      0.53          0          0          0
      0.54          0          0          0
      0.55          0          0          0
      0.56          0          0          0
      0.57          0          0          0
      0.58          0          0          0
      0.59          0          0          0
       0.6          0          0          0
      0.61          0          0          0
      0.62          0          0          0
      0.63          0          0          0
      0.64          0          0          0
      0.65          0          0          0
      0.66          0          0          0
      0.67          0          0          0
      0.68          0          0          0
      0.69          0          0          0
       0.7          0          0          0
      0.71          0          0          0
      0.72          0          0          0
      0.73          0          0          0
      0.74          0          0          0
      0.75          0          0          0
      0.76          0          0          0
      0.77          0          0          0
      0.78          0          0          0
      0.79          0          0          0
       0.8          0          0          0
      0.81          0          0          0
      0.82          0          0          0
      0.83          0          0          0
      0.84          0          0          0
      0.85          0          0          0
      0.86          0          0          0
      0.87          0          0          0
      0.88          0          0          0
      0.89          0          0          0
       0.9          0          0          0
      0.91          0          0          0
      0.92          0          0          0
      0.93          0          0          0
      0.94          0          0          0
      0.95          0          0          0
      0.96          0          0          0
      0.97          0          0          0
      0.98          0          0          0
      0.99          0          0          0
