         0          1   0.205491   0.340925
      0.01   0.953421   0.304881   0.462019
      0.02   0.889426   0.337444   0.489264
      0.03   0.787018   0.370982   0.504265
      0.04   0.644863   0.457385    0.53518
      0.05    0.59845   0.532125   0.563342
      0.06   0.532789   0.654801   0.587527
      0.07   0.492792   0.711753   0.582371
      0.08    0.40205    0.79148   0.533232
      0.09   0.332222   0.830156   0.474538
       0.1   0.211816        0.9   0.342924
      0.11   0.120407   0.937107   0.213395
      0.12  0.0971586   0.934959   0.176025
      0.13  0.0598283   0.987805   0.112823
      0.14  0.0449129   0.985714  0.0859114
      0.15  0.0414132          1  0.0795327
      0.16  0.0381635          1  0.0735211
      0.17  0.0295809          1   0.057462
      0.18  0.0224148          1  0.0438468
      0.19  0.0217482          1  0.0425705
       0.2  0.0209149          1  0.0409729
      0.21  0.0159987          1  0.0314935
      0.22  0.0111657          1  0.0220849
      0.23 0.00566619          1  0.0112685
      0.24 0.00516624          1  0.0102794
      0.25 0.00374969          1 0.00747136
      0.26          0          0          0
      0.27          0          0          0
      0.28          0          0          0
      0.29          0          0          0
       0.3          0          0          0
      0.31          0          0          0
      0.32          0          0          0
      0.33          0          0          0
      0.34          0          0          0
      0.35          0          0          0
      0.36          0          0          0
      0.37          0          0          0
      0.38          0          0          0
      0.39          0          0          0
       0.4          0          0          0
      0.41          0          0          0
      0.42          0          0          0
      0.43          0          0          0
      0.44          0          0          0
      0.45          0          0          0
      0.46          0          0          0
      0.47          0          0          0
      0.48          0          0          0
      0.49          0          0          0
       0.5          0          0          0
      0.51          0          0          0
      0.52          0          0          0
      0.53          0          0          0
      0.54          0          0          0
      0.55          0          0          0
      0.56          0          0          0
      0.57          0          0          0
      0.58          0          0          0
      0.59          0          0          0
       0.6          0          0          0
      0.61          0          0          0
      0.62          0          0          0
      0.63          0          0          0
      0.64          0          0          0
      0.65          0          0          0
      0.66          0          0          0
      0.67          0          0          0
      0.68          0          0          0
      0.69          0          0          0
       0.7          0          0          0
      0.71          0          0          0
      0.72          0          0          0
      0.73          0          0          0
      0.74          0          0          0
      0.75          0          0          0
      0.76          0          0          0
      0.77          0          0          0
      0.78          0          0          0
      0.79          0          0          0
       0.8          0          0          0
      0.81          0          0          0
      0.82          0          0          0
      0.83          0          0          0
      0.84          0          0          0
      0.85          0          0          0
      0.86          0          0          0
      0.87          0          0          0
      0.88          0          0          0
      0.89          0          0          0
       0.9          0          0          0
      0.91          0          0          0
      0.92          0          0          0
      0.93          0          0          0
      0.94          0          0          0
      0.95          0          0          0
      0.96          0          0          0
      0.97          0          0          0
      0.98          0          0          0
      0.99          0          0          0
