         0          1   0.214804   0.353644
      0.01   0.931925   0.528836   0.674765
      0.02   0.862357   0.706085   0.776436
      0.03    0.81048   0.766735   0.788001
      0.04   0.714936    0.80656   0.757989
      0.05   0.641487     0.8148   0.717831
      0.06    0.54027   0.823199    0.65238
      0.07   0.470702   0.825266   0.599482
      0.08    0.38949   0.840288   0.532265
      0.09   0.368366   0.852029   0.514356
       0.1   0.328581   0.852601   0.474353
      0.11   0.307979   0.872414   0.455247
      0.12   0.280436   0.889946   0.426481
      0.13   0.251549   0.905009   0.393675
      0.14   0.219751   0.909639   0.353985
      0.15   0.181981   0.900552   0.302778
      0.16   0.167873   0.905405   0.283232
      0.17   0.141002   0.905941   0.244023
      0.18   0.118235   0.891566   0.208783
      0.19  0.0923341   0.907407   0.167613
       0.2  0.0606852   0.888889   0.113614
      0.21    0.04083       0.88  0.0780392
      0.22  0.0309024   0.944444  0.0598467
      0.23  0.0306039   0.939394  0.0592766
      0.24  0.0261253   0.913043   0.050797
      0.25  0.0206016     0.9375  0.0403173
      0.26  0.0131373          1  0.0259338
      0.27  0.0126894          1  0.0250608
      0.28 0.00507576          1  0.0101003
      0.29          0          0          0
       0.3          0          0          0
      0.31          0          0          0
      0.32          0          0          0
      0.33          0          0          0
      0.34          0          0          0
      0.35          0          0          0
      0.36          0          0          0
      0.37          0          0          0
      0.38          0          0          0
      0.39          0          0          0
       0.4          0          0          0
      0.41          0          0          0
      0.42          0          0          0
      0.43          0          0          0
      0.44          0          0          0
      0.45          0          0          0
      0.46          0          0          0
      0.47          0          0          0
      0.48          0          0          0
      0.49          0          0          0
       0.5          0          0          0
      0.51          0          0          0
      0.52          0          0          0
      0.53          0          0          0
      0.54          0          0          0
      0.55          0          0          0
      0.56          0          0          0
      0.57          0          0          0
      0.58          0          0          0
      0.59          0          0          0
       0.6          0          0          0
      0.61          0          0          0
      0.62          0          0          0
      0.63          0          0          0
      0.64          0          0          0
      0.65          0          0          0
      0.66          0          0          0
      0.67          0          0          0
      0.68          0          0          0
      0.69          0          0          0
       0.7          0          0          0
      0.71          0          0          0
      0.72          0          0          0
      0.73          0          0          0
      0.74          0          0          0
      0.75          0          0          0
      0.76          0          0          0
      0.77          0          0          0
      0.78          0          0          0
      0.79          0          0          0
       0.8          0          0          0
      0.81          0          0          0
      0.82          0          0          0
      0.83          0          0          0
      0.84          0          0          0
      0.85          0          0          0
      0.86          0          0          0
      0.87          0          0          0
      0.88          0          0          0
      0.89          0          0          0
       0.9          0          0          0
      0.91          0          0          0
      0.92          0          0          0
      0.93          0          0          0
      0.94          0          0          0
      0.95          0          0          0
      0.96          0          0          0
      0.97          0          0          0
      0.98          0          0          0
      0.99          0          0          0
