         0          1   0.406617   0.578148
      0.01   0.915927    0.57928   0.709705
      0.02   0.866299   0.634468   0.732477
      0.03   0.801966   0.671836   0.731156
      0.04   0.689393   0.723625   0.706094
      0.05   0.608253   0.763273   0.677002
      0.06    0.49128   0.827727   0.616593
      0.07   0.425004   0.858594   0.568567
      0.08   0.339662   0.889836   0.491654
      0.09   0.282702   0.913924   0.431827
       0.1   0.197003   0.938974   0.325677
      0.11   0.145235   0.955414   0.252142
      0.12   0.118202   0.967359   0.210663
      0.13   0.076423   0.971564     0.1417
      0.14   0.059101   0.967949     0.1114
      0.15  0.0388854   0.978947  0.0747996
      0.16  0.0277073          1  0.0539206
      0.17  0.0179959          1  0.0353555
      0.18  0.0159743          1  0.0314463
      0.19 0.00911685          1   0.018069
       0.2 0.00428096          1 0.00852542
      0.21 0.00146662          1 0.00292895
      0.22 0.00130807          1 0.00261272
      0.23          0          0          0
      0.24          0          0          0
      0.25          0          0          0
      0.26          0          0          0
      0.27          0          0          0
      0.28          0          0          0
      0.29          0          0          0
       0.3          0          0          0
      0.31          0          0          0
      0.32          0          0          0
      0.33          0          0          0
      0.34          0          0          0
      0.35          0          0          0
      0.36          0          0          0
      0.37          0          0          0
      0.38          0          0          0
      0.39          0          0          0
       0.4          0          0          0
      0.41          0          0          0
      0.42          0          0          0
      0.43          0          0          0
      0.44          0          0          0
      0.45          0          0          0
      0.46          0          0          0
      0.47          0          0          0
      0.48          0          0          0
      0.49          0          0          0
       0.5          0          0          0
      0.51          0          0          0
      0.52          0          0          0
      0.53          0          0          0
      0.54          0          0          0
      0.55          0          0          0
      0.56          0          0          0
      0.57          0          0          0
      0.58          0          0          0
      0.59          0          0          0
       0.6          0          0          0
      0.61          0          0          0
      0.62          0          0          0
      0.63          0          0          0
      0.64          0          0          0
      0.65          0          0          0
      0.66          0          0          0
      0.67          0          0          0
      0.68          0          0          0
      0.69          0          0          0
       0.7          0          0          0
      0.71          0          0          0
      0.72          0          0          0
      0.73          0          0          0
      0.74          0          0          0
      0.75          0          0          0
      0.76          0          0          0
      0.77          0          0          0
      0.78          0          0          0
      0.79          0          0          0
       0.8          0          0          0
      0.81          0          0          0
      0.82          0          0          0
      0.83          0          0          0
      0.84          0          0          0
      0.85          0          0          0
      0.86          0          0          0
      0.87          0          0          0
      0.88          0          0          0
      0.89          0          0          0
       0.9          0          0          0
      0.91          0          0          0
      0.92          0          0          0
      0.93          0          0          0
      0.94          0          0          0
      0.95          0          0          0
      0.96          0          0          0
      0.97          0          0          0
      0.98          0          0          0
      0.99          0          0          0
