         0          1   0.364376   0.534128
      0.01   0.952966   0.406105   0.569513
      0.02    0.95136   0.408121   0.571204
      0.03   0.946542   0.416166   0.578141
      0.04   0.916602   0.441534    0.59598
      0.05   0.875214   0.467265   0.609256
      0.06   0.795338    0.51806    0.62743
      0.07   0.726548   0.550883   0.626637
      0.08   0.625175   0.592669   0.608488
      0.09   0.576327   0.614628   0.594862
       0.1   0.501373   0.646357   0.564707
      0.11   0.425641   0.668676   0.520171
      0.12   0.384771   0.682959   0.492227
      0.13   0.325201   0.702476   0.444587
      0.14    0.30562   0.719057   0.428932
      0.15   0.263455   0.743191   0.389009
      0.16   0.237866   0.747619   0.360905
      0.17   0.202279    0.75634   0.319192
      0.18   0.179953   0.779432   0.292398
      0.19   0.122248   0.779352   0.211345
       0.2   0.105051   0.785146   0.185307
      0.21  0.0759907   0.807531    0.13891
      0.22  0.0505569   0.843972   0.095399
      0.23   0.038591   0.863158   0.073879
      0.24  0.0218596   0.943396  0.0427292
      0.25   0.014245   0.972222  0.0280786
      0.26 0.00870241          1  0.0172547
      0.27 0.00595701          1  0.0118435
      0.28 0.00507641          1  0.0101015
      0.29          0          0          0
       0.3          0          0          0
      0.31          0          0          0
      0.32          0          0          0
      0.33          0          0          0
      0.34          0          0          0
      0.35          0          0          0
      0.36          0          0          0
      0.37          0          0          0
      0.38          0          0          0
      0.39          0          0          0
       0.4          0          0          0
      0.41          0          0          0
      0.42          0          0          0
      0.43          0          0          0
      0.44          0          0          0
      0.45          0          0          0
      0.46          0          0          0
      0.47          0          0          0
      0.48          0          0          0
      0.49          0          0          0
       0.5          0          0          0
      0.51          0          0          0
      0.52          0          0          0
      0.53          0          0          0
      0.54          0          0          0
      0.55          0          0          0
      0.56          0          0          0
      0.57          0          0          0
      0.58          0          0          0
      0.59          0          0          0
       0.6          0          0          0
      0.61          0          0          0
      0.62          0          0          0
      0.63          0          0          0
      0.64          0          0          0
      0.65          0          0          0
      0.66          0          0          0
      0.67          0          0          0
      0.68          0          0          0
      0.69          0          0          0
       0.7          0          0          0
      0.71          0          0          0
      0.72          0          0          0
      0.73          0          0          0
      0.74          0          0          0
      0.75          0          0          0
      0.76          0          0          0
      0.77          0          0          0
      0.78          0          0          0
      0.79          0          0          0
       0.8          0          0          0
      0.81          0          0          0
      0.82          0          0          0
      0.83          0          0          0
      0.84          0          0          0
      0.85          0          0          0
      0.86          0          0          0
      0.87          0          0          0
      0.88          0          0          0
      0.89          0          0          0
       0.9          0          0          0
      0.91          0          0          0
      0.92          0          0          0
      0.93          0          0          0
      0.94          0          0          0
      0.95          0          0          0
      0.96          0          0          0
      0.97          0          0          0
      0.98          0          0          0
      0.99          0          0          0
