         0          1   0.374026   0.544424
      0.01   0.750223   0.331784   0.460093
      0.02   0.749687   0.333244   0.461394
      0.03   0.747959    0.33553   0.463249
      0.04   0.735625   0.336481   0.461753
      0.05   0.724066   0.337071       0.46
      0.06   0.682774   0.334647   0.449152
      0.07   0.646428   0.333553   0.440045
      0.08   0.591313   0.329254   0.422983
      0.09   0.545075   0.328246   0.409743
       0.1   0.473098   0.323308   0.384117
      0.11   0.387654   0.321408   0.351436
      0.12   0.333313   0.327273   0.330265
      0.13    0.25937   0.338568   0.293724
      0.14   0.224572   0.360632   0.276785
      0.15   0.170232   0.381021   0.235325
      0.16   0.130191   0.413347   0.198014
      0.17  0.0992075    0.48265   0.164585
      0.18  0.0875886   0.532922    0.15045
      0.19  0.0707859   0.598187   0.126592
       0.2   0.063755   0.653226   0.116172
      0.21  0.0561282   0.754967   0.104488
      0.22  0.0338438   0.844444  0.0650793
      0.23  0.0287195   0.929825  0.0557181
      0.24  0.0215694          1  0.0422281
      0.25  0.0135256          1  0.0266902
      0.26 0.00732884          1   0.014551
      0.27 0.00345588          1 0.00688795
      0.28 0.00125127          1  0.0024994
      0.29          0          0          0
       0.3          0          0          0
      0.31          0          0          0
      0.32          0          0          0
      0.33          0          0          0
      0.34          0          0          0
      0.35          0          0          0
      0.36          0          0          0
      0.37          0          0          0
      0.38          0          0          0
      0.39          0          0          0
       0.4          0          0          0
      0.41          0          0          0
      0.42          0          0          0
      0.43          0          0          0
      0.44          0          0          0
      0.45          0          0          0
      0.46          0          0          0
      0.47          0          0          0
      0.48          0          0          0
      0.49          0          0          0
       0.5          0          0          0
      0.51          0          0          0
      0.52          0          0          0
      0.53          0          0          0
      0.54          0          0          0
      0.55          0          0          0
      0.56          0          0          0
      0.57          0          0          0
      0.58          0          0          0
      0.59          0          0          0
       0.6          0          0          0
      0.61          0          0          0
      0.62          0          0          0
      0.63          0          0          0
      0.64          0          0          0
      0.65          0          0          0
      0.66          0          0          0
      0.67          0          0          0
      0.68          0          0          0
      0.69          0          0          0
       0.7          0          0          0
      0.71          0          0          0
      0.72          0          0          0
      0.73          0          0          0
      0.74          0          0          0
      0.75          0          0          0
      0.76          0          0          0
      0.77          0          0          0
      0.78          0          0          0
      0.79          0          0          0
       0.8          0          0          0
      0.81          0          0          0
      0.82          0          0          0
      0.83          0          0          0
      0.84          0          0          0
      0.85          0          0          0
      0.86          0          0          0
      0.87          0          0          0
      0.88          0          0          0
      0.89          0          0          0
       0.9          0          0          0
      0.91          0          0          0
      0.92          0          0          0
      0.93          0          0          0
      0.94          0          0          0
      0.95          0          0          0
      0.96          0          0          0
      0.97          0          0          0
      0.98          0          0          0
      0.99          0          0          0
