         0          1   0.176767   0.300428
      0.01   0.976128    0.24531   0.392086
      0.02   0.976039   0.251701   0.400199
      0.03   0.975369   0.264793   0.416512
      0.04   0.971666   0.297147   0.455115
      0.05   0.966668   0.320181   0.481034
      0.06   0.910133   0.353756   0.509483
      0.07   0.881754   0.381437   0.532514
      0.08   0.850564   0.426831   0.568418
      0.09   0.808888   0.453803   0.581418
       0.1   0.779394   0.504134   0.612248
      0.11   0.764044   0.561857   0.647535
      0.12   0.760296    0.59835   0.669671
      0.13   0.751283   0.661033   0.703274
      0.14    0.74459   0.698895   0.721019
      0.15   0.736156   0.751871   0.743931
      0.16   0.732408   0.785897   0.758211
      0.17   0.715095   0.843564   0.774035
      0.18   0.703449    0.87689   0.780652
      0.19    0.68801   0.912368   0.784463
       0.2    0.66454   0.936051   0.777267
      0.21   0.609968   0.955649   0.744646
      0.22   0.578644   0.969697   0.724788
      0.23   0.543528   0.979215   0.699042
      0.24   0.472402   0.991058   0.639823
      0.25   0.429923   0.992754   0.600006
      0.26   0.313774    0.99696   0.477321
      0.27   0.257374   0.995984   0.409045
      0.28   0.153853          1   0.266677
      0.29   0.131543          1   0.232501
       0.3  0.0894204          1   0.164161
      0.31  0.0304761          1  0.0591496
      0.32 0.00941502          1  0.0186544
      0.33          0          0          0
      0.34          0          0          0
      0.35          0          0          0
      0.36          0          0          0
      0.37          0          0          0
      0.38          0          0          0
      0.39          0          0          0
       0.4          0          0          0
      0.41          0          0          0
      0.42          0          0          0
      0.43          0          0          0
      0.44          0          0          0
      0.45          0          0          0
      0.46          0          0          0
      0.47          0          0          0
      0.48          0          0          0
      0.49          0          0          0
       0.5          0          0          0
      0.51          0          0          0
      0.52          0          0          0
      0.53          0          0          0
      0.54          0          0          0
      0.55          0          0          0
      0.56          0          0          0
      0.57          0          0          0
      0.58          0          0          0
      0.59          0          0          0
       0.6          0          0          0
      0.61          0          0          0
      0.62          0          0          0
      0.63          0          0          0
      0.64          0          0          0
      0.65          0          0          0
      0.66          0          0          0
      0.67          0          0          0
      0.68          0          0          0
      0.69          0          0          0
       0.7          0          0          0
      0.71          0          0          0
      0.72          0          0          0
      0.73          0          0          0
      0.74          0          0          0
      0.75          0          0          0
      0.76          0          0          0
      0.77          0          0          0
      0.78          0          0          0
      0.79          0          0          0
       0.8          0          0          0
      0.81          0          0          0
      0.82          0          0          0
      0.83          0          0          0
      0.84          0          0          0
      0.85          0          0          0
      0.86          0          0          0
      0.87          0          0          0
      0.88          0          0          0
      0.89          0          0          0
       0.9          0          0          0
      0.91          0          0          0
      0.92          0          0          0
      0.93          0          0          0
      0.94          0          0          0
      0.95          0          0          0
      0.96          0          0          0
      0.97          0          0          0
      0.98          0          0          0
      0.99          0          0          0
