         0          1   0.361785    0.53134
      0.01   0.964442   0.377714   0.542833
      0.02   0.964223      0.385   0.550281
      0.03   0.962009   0.409956   0.574914
      0.04   0.945914   0.470151   0.628111
      0.05   0.918029   0.520606   0.664424
      0.06   0.830256   0.594378    0.69279
      0.07   0.753899   0.639567   0.692042
      0.08   0.654741   0.706556   0.679662
      0.09   0.592514   0.747767   0.661148
       0.1   0.494885   0.803565   0.612533
      0.11   0.420867   0.861054   0.565385
      0.12   0.372832   0.879148    0.52361
      0.13   0.324735   0.915171   0.479372
      0.14    0.29083   0.925144   0.442541
      0.15   0.253244   0.953162   0.400168
      0.16   0.226138    0.97185   0.366903
      0.17   0.200905   0.985342   0.333758
      0.18    0.18325   0.989071   0.309211
      0.19   0.165377   0.993421   0.283551
       0.2   0.148784      0.995   0.258859
      0.21   0.132158          1   0.233463
      0.22   0.114941          1   0.206183
      0.23   0.109201          1   0.196901
      0.24  0.0916719          1   0.167948
      0.25  0.0827823          1   0.152907
      0.26  0.0595134          1   0.112341
      0.27  0.0485964          1  0.0926884
      0.28  0.0274797          1  0.0534896
      0.29   0.019058          1  0.0374032
       0.3  0.0127261          1  0.0251324
      0.31 0.00658141          1  0.0130768
      0.32 0.00580162          1  0.0115363
      0.33          0          0          0
      0.34          0          0          0
      0.35          0          0          0
      0.36          0          0          0
      0.37          0          0          0
      0.38          0          0          0
      0.39          0          0          0
       0.4          0          0          0
      0.41          0          0          0
      0.42          0          0          0
      0.43          0          0          0
      0.44          0          0          0
      0.45          0          0          0
      0.46          0          0          0
      0.47          0          0          0
      0.48          0          0          0
      0.49          0          0          0
       0.5          0          0          0
      0.51          0          0          0
      0.52          0          0          0
      0.53          0          0          0
      0.54          0          0          0
      0.55          0          0          0
      0.56          0          0          0
      0.57          0          0          0
      0.58          0          0          0
      0.59          0          0          0
       0.6          0          0          0
      0.61          0          0          0
      0.62          0          0          0
      0.63          0          0          0
      0.64          0          0          0
      0.65          0          0          0
      0.66          0          0          0
      0.67          0          0          0
      0.68          0          0          0
      0.69          0          0          0
       0.7          0          0          0
      0.71          0          0          0
      0.72          0          0          0
      0.73          0          0          0
      0.74          0          0          0
      0.75          0          0          0
      0.76          0          0          0
      0.77          0          0          0
      0.78          0          0          0
      0.79          0          0          0
       0.8          0          0          0
      0.81          0          0          0
      0.82          0          0          0
      0.83          0          0          0
      0.84          0          0          0
      0.85          0          0          0
      0.86          0          0          0
      0.87          0          0          0
      0.88          0          0          0
      0.89          0          0          0
       0.9          0          0          0
      0.91          0          0          0
      0.92          0          0          0
      0.93          0          0          0
      0.94          0          0          0
      0.95          0          0          0
      0.96          0          0          0
      0.97          0          0          0
      0.98          0          0          0
      0.99          0          0          0
