         0          1   0.298178   0.459379
      0.01    0.93275   0.298522    0.45229
      0.02   0.929621   0.313148   0.468484
      0.03    0.91965   0.349109   0.506098
      0.04   0.871864   0.428225   0.574352
      0.05    0.79581   0.478103   0.597339
      0.06   0.679448   0.547579   0.606428
      0.07   0.579475   0.595124   0.587195
      0.08   0.471705    0.66481   0.551852
      0.09   0.408008   0.697321   0.514802
       0.1   0.322832      0.752   0.451735
      0.11   0.266136   0.810226   0.400665
      0.12   0.224238   0.820621   0.352228
      0.13   0.192522   0.886756    0.31636
      0.14   0.171573   0.915556   0.288989
      0.15   0.149615   0.951351   0.258567
      0.16   0.136675   0.962733   0.239367
      0.17   0.122832    0.99187   0.218594
      0.18   0.110156          1   0.198452
      0.19  0.0974808          1   0.177645
       0.2  0.0876691          1   0.161205
      0.21  0.0750994          1   0.139707
      0.22  0.0539379          1   0.102355
      0.23  0.0381331          1  0.0734648
      0.24   0.020419          1  0.0400208
      0.25  0.0142668          1  0.0281322
      0.26          0          0          0
      0.27          0          0          0
      0.28          0          0          0
      0.29          0          0          0
       0.3          0          0          0
      0.31          0          0          0
      0.32          0          0          0
      0.33          0          0          0
      0.34          0          0          0
      0.35          0          0          0
      0.36          0          0          0
      0.37          0          0          0
      0.38          0          0          0
      0.39          0          0          0
       0.4          0          0          0
      0.41          0          0          0
      0.42          0          0          0
      0.43          0          0          0
      0.44          0          0          0
      0.45          0          0          0
      0.46          0          0          0
      0.47          0          0          0
      0.48          0          0          0
      0.49          0          0          0
       0.5          0          0          0
      0.51          0          0          0
      0.52          0          0          0
      0.53          0          0          0
      0.54          0          0          0
      0.55          0          0          0
      0.56          0          0          0
      0.57          0          0          0
      0.58          0          0          0
      0.59          0          0          0
       0.6          0          0          0
      0.61          0          0          0
      0.62          0          0          0
      0.63          0          0          0
      0.64          0          0          0
      0.65          0          0          0
      0.66          0          0          0
      0.67          0          0          0
      0.68          0          0          0
      0.69          0          0          0
       0.7          0          0          0
      0.71          0          0          0
      0.72          0          0          0
      0.73          0          0          0
      0.74          0          0          0
      0.75          0          0          0
      0.76          0          0          0
      0.77          0          0          0
      0.78          0          0          0
      0.79          0          0          0
       0.8          0          0          0
      0.81          0          0          0
      0.82          0          0          0
      0.83          0          0          0
      0.84          0          0          0
      0.85          0          0          0
      0.86          0          0          0
      0.87          0          0          0
      0.88          0          0          0
      0.89          0          0          0
       0.9          0          0          0
      0.91          0          0          0
      0.92          0          0          0
      0.93          0          0          0
      0.94          0          0          0
      0.95          0          0          0
      0.96          0          0          0
      0.97          0          0          0
      0.98          0          0          0
      0.99          0          0          0
