         0          1    0.48887   0.656699
      0.01   0.928585   0.558986    0.69787
      0.02   0.920786   0.603107   0.728834
      0.03   0.901839    0.67841   0.774329
      0.04   0.842306    0.80227     0.8218
      0.05   0.795193   0.870507   0.831148
      0.06   0.696445   0.933528   0.797745
      0.07   0.612537    0.95445   0.746192
      0.08   0.503325   0.969506   0.662638
      0.09    0.44477   0.976431   0.611156
       0.1   0.352794   0.986102   0.519669
      0.11   0.251601   0.984741   0.400799
      0.12   0.196763   0.987413   0.328138
      0.13   0.132707   0.991031   0.234071
      0.14  0.0994083   0.993711   0.180736
      0.15  0.0666227          1   0.124923
      0.16  0.0534448          1   0.101467
      0.17  0.0335925          1  0.0650014
      0.18  0.0251088          1  0.0489876
      0.19  0.0246687          1  0.0481497
       0.2  0.0219305          1  0.0429197
      0.21  0.0179453          1  0.0352579
      0.22   0.013569          1  0.0267747
      0.23  0.0113197          1  0.0223861
      0.24 0.00863038          1  0.0171131
      0.25 0.00728571          1   0.014466
      0.26 0.00212704          1 0.00424504
      0.27 0.00156472          1 0.00312454
      0.28          0          0          0
      0.29          0          0          0
       0.3          0          0          0
      0.31          0          0          0
      0.32          0          0          0
      0.33          0          0          0
      0.34          0          0          0
      0.35          0          0          0
      0.36          0          0          0
      0.37          0          0          0
      0.38          0          0          0
      0.39          0          0          0
       0.4          0          0          0
      0.41          0          0          0
      0.42          0          0          0
      0.43          0          0          0
      0.44          0          0          0
      0.45          0          0          0
      0.46          0          0          0
      0.47          0          0          0
      0.48          0          0          0
      0.49          0          0          0
       0.5          0          0          0
      0.51          0          0          0
      0.52          0          0          0
      0.53          0          0          0
      0.54          0          0          0
      0.55          0          0          0
      0.56          0          0          0
      0.57          0          0          0
      0.58          0          0          0
      0.59          0          0          0
       0.6          0          0          0
      0.61          0          0          0
      0.62          0          0          0
      0.63          0          0          0
      0.64          0          0          0
      0.65          0          0          0
      0.66          0          0          0
      0.67          0          0          0
      0.68          0          0          0
      0.69          0          0          0
       0.7          0          0          0
      0.71          0          0          0
      0.72          0          0          0
      0.73          0          0          0
      0.74          0          0          0
      0.75          0          0          0
      0.76          0          0          0
      0.77          0          0          0
      0.78          0          0          0
      0.79          0          0          0
       0.8          0          0          0
      0.81          0          0          0
      0.82          0          0          0
      0.83          0          0          0
      0.84          0          0          0
      0.85          0          0          0
      0.86          0          0          0
      0.87          0          0          0
      0.88          0          0          0
      0.89          0          0          0
       0.9          0          0          0
      0.91          0          0          0
      0.92          0          0          0
      0.93          0          0          0
      0.94          0          0          0
      0.95          0          0          0
      0.96          0          0          0
      0.97          0          0          0
      0.98          0          0          0
      0.99          0          0          0
