         0          1   0.242084   0.389803
      0.01   0.993007   0.250854   0.400527
      0.02   0.991991   0.280528   0.437371
      0.03    0.98954   0.339045   0.505046
      0.04   0.951467    0.46311    0.62299
      0.05   0.894089   0.539434   0.672891
      0.06   0.736716   0.624222    0.67582
      0.07   0.619927   0.670622   0.644279
      0.08   0.473313   0.728674   0.573868
      0.09   0.387066   0.763701   0.513749
       0.1   0.311398   0.814123   0.450487
      0.11   0.256709   0.849275   0.394249
      0.12   0.217202   0.877064   0.348178
      0.13   0.175184   0.906494   0.293624
      0.14   0.148467    0.92953   0.256039
      0.15   0.102205   0.946078   0.184481
      0.16  0.0859482   0.939394   0.157487
      0.17  0.0594107   0.961905   0.111909
      0.18  0.0432132   0.986111   0.082798
      0.19  0.0231307          1  0.0452156
       0.2  0.0167952          1  0.0330355
      0.21 0.00896539          1  0.0177715
      0.22 0.00334708          1 0.00667183
      0.23 0.00215169          1 0.00429415
      0.24          0          0          0
      0.25          0          0          0
      0.26          0          0          0
      0.27          0          0          0
      0.28          0          0          0
      0.29          0          0          0
       0.3          0          0          0
      0.31          0          0          0
      0.32          0          0          0
      0.33          0          0          0
      0.34          0          0          0
      0.35          0          0          0
      0.36          0          0          0
      0.37          0          0          0
      0.38          0          0          0
      0.39          0          0          0
       0.4          0          0          0
      0.41          0          0          0
      0.42          0          0          0
      0.43          0          0          0
      0.44          0          0          0
      0.45          0          0          0
      0.46          0          0          0
      0.47          0          0          0
      0.48          0          0          0
      0.49          0          0          0
       0.5          0          0          0
      0.51          0          0          0
      0.52          0          0          0
      0.53          0          0          0
      0.54          0          0          0
      0.55          0          0          0
      0.56          0          0          0
      0.57          0          0          0
      0.58          0          0          0
      0.59          0          0          0
       0.6          0          0          0
      0.61          0          0          0
      0.62          0          0          0
      0.63          0          0          0
      0.64          0          0          0
      0.65          0          0          0
      0.66          0          0          0
      0.67          0          0          0
      0.68          0          0          0
      0.69          0          0          0
       0.7          0          0          0
      0.71          0          0          0
      0.72          0          0          0
      0.73          0          0          0
      0.74          0          0          0
      0.75          0          0          0
      0.76          0          0          0
      0.77          0          0          0
      0.78          0          0          0
      0.79          0          0          0
       0.8          0          0          0
      0.81          0          0          0
      0.82          0          0          0
      0.83          0          0          0
      0.84          0          0          0
      0.85          0          0          0
      0.86          0          0          0
      0.87          0          0          0
      0.88          0          0          0
      0.89          0          0          0
       0.9          0          0          0
      0.91          0          0          0
      0.92          0          0          0
      0.93          0          0          0
      0.94          0          0          0
      0.95          0          0          0
      0.96          0          0          0
      0.97          0          0          0
      0.98          0          0          0
      0.99          0          0          0
