         0          1   0.289124   0.448559
      0.01   0.972944   0.383012   0.549648
      0.02   0.970617   0.418884   0.585211
      0.03   0.959465   0.457487   0.619559
      0.04   0.928918   0.519836   0.666621
      0.05   0.903947    0.55389    0.68689
      0.06   0.873982   0.601883    0.71285
      0.07   0.845762   0.627345   0.720361
      0.08   0.788402   0.671673   0.725371
      0.09   0.755431   0.704863   0.729271
       0.1   0.694288    0.75072   0.721402
      0.11   0.629703    0.80425   0.706353
      0.12   0.588683   0.830468   0.688979
      0.13   0.521965   0.873982   0.653589
      0.14   0.480945   0.901253   0.627194
      0.15   0.411026   0.918627   0.567937
      0.16   0.369375   0.921771   0.527407
      0.17   0.311724   0.923298   0.466088
      0.18   0.267164   0.935409   0.415622
      0.19   0.201222   0.923077   0.330416
       0.2   0.151619   0.917782   0.260246
      0.21  0.0992048   0.909621   0.178899
      0.22  0.0696276   0.904545   0.129302
      0.23  0.0599787   0.893491   0.112411
      0.24  0.0370927   0.897727  0.0712418
      0.25  0.0296742   0.965517  0.0575787
      0.26  0.0242436   0.953488  0.0472849
      0.27  0.0173099          1  0.0340308
      0.28  0.0122188          1  0.0241426
      0.29 0.00824282          1  0.0163509
       0.3          0          0          0
      0.31          0          0          0
      0.32          0          0          0
      0.33          0          0          0
      0.34          0          0          0
      0.35          0          0          0
      0.36          0          0          0
      0.37          0          0          0
      0.38          0          0          0
      0.39          0          0          0
       0.4          0          0          0
      0.41          0          0          0
      0.42          0          0          0
      0.43          0          0          0
      0.44          0          0          0
      0.45          0          0          0
      0.46          0          0          0
      0.47          0          0          0
      0.48          0          0          0
      0.49          0          0          0
       0.5          0          0          0
      0.51          0          0          0
      0.52          0          0          0
      0.53          0          0          0
      0.54          0          0          0
      0.55          0          0          0
      0.56          0          0          0
      0.57          0          0          0
      0.58          0          0          0
      0.59          0          0          0
       0.6          0          0          0
      0.61          0          0          0
      0.62          0          0          0
      0.63          0          0          0
      0.64          0          0          0
      0.65          0          0          0
      0.66          0          0          0
      0.67          0          0          0
      0.68          0          0          0
      0.69          0          0          0
       0.7          0          0          0
      0.71          0          0          0
      0.72          0          0          0
      0.73          0          0          0
      0.74          0          0          0
      0.75          0          0          0
      0.76          0          0          0
      0.77          0          0          0
      0.78          0          0          0
      0.79          0          0          0
       0.8          0          0          0
      0.81          0          0          0
      0.82          0          0          0
      0.83          0          0          0
      0.84          0          0          0
      0.85          0          0          0
      0.86          0          0          0
      0.87          0          0          0
      0.88          0          0          0
      0.89          0          0          0
       0.9          0          0          0
      0.91          0          0          0
      0.92          0          0          0
      0.93          0          0          0
      0.94          0          0          0
      0.95          0          0          0
      0.96          0          0          0
      0.97          0          0          0
      0.98          0          0          0
      0.99          0          0          0
