         0          1   0.108911   0.196429
      0.01    0.98404   0.190249   0.318852
      0.02   0.980016   0.202102   0.335098
      0.03    0.97559   0.223041   0.363075
      0.04   0.942462   0.265649   0.414472
      0.05   0.890558    0.28704   0.434147
      0.06   0.791175   0.320717   0.456417
      0.07   0.678514   0.338457   0.451631
      0.08   0.466336   0.356436   0.404046
      0.09   0.384925   0.366822   0.375656
       0.1   0.280043   0.383673   0.323768
      0.11   0.190182   0.376963   0.252816
      0.12   0.155579   0.362637   0.217742
      0.13   0.108101   0.330871    0.16296
      0.14  0.0991148   0.321656   0.151536
      0.15  0.0720225   0.275093   0.114157
      0.16  0.0556599   0.244161   0.090654
      0.17  0.0449303   0.223618  0.0748261
      0.18  0.0371513   0.212034  0.0632247
      0.19    0.02897   0.197133  0.0505162
       0.2  0.0252146   0.176471  0.0441246
      0.21  0.0156921   0.141361  0.0282484
      0.22 0.00898605   0.119205  0.0167123
      0.23 0.00509657   0.103175 0.00971332
      0.24 0.00348712   0.114943 0.00676889
      0.25 0.00295064   0.126984 0.00576728
      0.26 0.00147532  0.0882353 0.00290212
      0.27  0.0013412   0.047619 0.00260892
      0.28          0          0          0
      0.29          0          0          0
       0.3          0          0          0
      0.31          0          0          0
      0.32          0          0          0
      0.33          0          0          0
      0.34          0          0          0
      0.35          0          0          0
      0.36          0          0          0
      0.37          0          0          0
      0.38          0          0          0
      0.39          0          0          0
       0.4          0          0          0
      0.41          0          0          0
      0.42          0          0          0
      0.43          0          0          0
      0.44          0          0          0
      0.45          0          0          0
      0.46          0          0          0
      0.47          0          0          0
      0.48          0          0          0
      0.49          0          0          0
       0.5          0          0          0
      0.51          0          0          0
      0.52          0          0          0
      0.53          0          0          0
      0.54          0          0          0
      0.55          0          0          0
      0.56          0          0          0
      0.57          0          0          0
      0.58          0          0          0
      0.59          0          0          0
       0.6          0          0          0
      0.61          0          0          0
      0.62          0          0          0
      0.63          0          0          0
      0.64          0          0          0
      0.65          0          0          0
      0.66          0          0          0
      0.67          0          0          0
      0.68          0          0          0
      0.69          0          0          0
       0.7          0          0          0
      0.71          0          0          0
      0.72          0          0          0
      0.73          0          0          0
      0.74          0          0          0
      0.75          0          0          0
      0.76          0          0          0
      0.77          0          0          0
      0.78          0          0          0
      0.79          0          0          0
       0.8          0          0          0
      0.81          0          0          0
      0.82          0          0          0
      0.83          0          0          0
      0.84          0          0          0
      0.85          0          0          0
      0.86          0          0          0
      0.87          0          0          0
      0.88          0          0          0
      0.89          0          0          0
       0.9          0          0          0
      0.91          0          0          0
      0.92          0          0          0
      0.93          0          0          0
      0.94          0          0          0
      0.95          0          0          0
      0.96          0          0          0
      0.97          0          0          0
      0.98          0          0          0
      0.99          0          0          0
