         0          1   0.354609   0.523559
      0.01   0.951298   0.396337    0.55955
      0.02   0.950976   0.398405   0.561552
      0.03   0.950372   0.408713   0.571604
      0.04   0.938901   0.436419   0.595867
      0.05   0.929241   0.459614   0.615028
      0.06   0.894264   0.503328    0.64412
      0.07   0.861823   0.536783   0.661533
      0.08   0.824069   0.585486   0.684586
      0.09   0.789294   0.611155   0.688895
       0.1   0.711934   0.647948   0.678436
      0.11   0.658442   0.685271   0.671589
      0.12   0.621654   0.702149   0.659454
      0.13   0.540471   0.734319   0.622656
      0.14   0.488589   0.765751   0.596549
      0.15   0.409016   0.797207   0.540647
      0.16    0.36611   0.813324    0.50493
      0.17   0.287342   0.805076   0.423523
      0.18   0.221976   0.794521   0.347005
      0.19   0.155202   0.813212   0.260658
       0.2   0.113061   0.807692   0.198356
      0.21  0.0751057   0.807229   0.137425
      0.22  0.0496679   0.876404  0.0940082
      0.23  0.0364258   0.866667  0.0699132
      0.24  0.0254377   0.868421  0.0494276
      0.25  0.0227812          1  0.0445476
      0.26  0.0117931          1  0.0233113
      0.27 0.00692292          1  0.0137506
      0.28 0.00466895          1  0.0092945
      0.29          0          0          0
       0.3          0          0          0
      0.31          0          0          0
      0.32          0          0          0
      0.33          0          0          0
      0.34          0          0          0
      0.35          0          0          0
      0.36          0          0          0
      0.37          0          0          0
      0.38          0          0          0
      0.39          0          0          0
       0.4          0          0          0
      0.41          0          0          0
      0.42          0          0          0
      0.43          0          0          0
      0.44          0          0          0
      0.45          0          0          0
      0.46          0          0          0
      0.47          0          0          0
      0.48          0          0          0
      0.49          0          0          0
       0.5          0          0          0
      0.51          0          0          0
      0.52          0          0          0
      0.53          0          0          0
      0.54          0          0          0
      0.55          0          0          0
      0.56          0          0          0
      0.57          0          0          0
      0.58          0          0          0
      0.59          0          0          0
       0.6          0          0          0
      0.61          0          0          0
      0.62          0          0          0
      0.63          0          0          0
      0.64          0          0          0
      0.65          0          0          0
      0.66          0          0          0
      0.67          0          0          0
      0.68          0          0          0
      0.69          0          0          0
       0.7          0          0          0
      0.71          0          0          0
      0.72          0          0          0
      0.73          0          0          0
      0.74          0          0          0
      0.75          0          0          0
      0.76          0          0          0
      0.77          0          0          0
      0.78          0          0          0
      0.79          0          0          0
       0.8          0          0          0
      0.81          0          0          0
      0.82          0          0          0
      0.83          0          0          0
      0.84          0          0          0
      0.85          0          0          0
      0.86          0          0          0
      0.87          0          0          0
      0.88          0          0          0
      0.89          0          0          0
       0.9          0          0          0
      0.91          0          0          0
      0.92          0          0          0
      0.93          0          0          0
      0.94          0          0          0
      0.95          0          0          0
      0.96          0          0          0
      0.97          0          0          0
      0.98          0          0          0
      0.99          0          0          0
