         0          1   0.308236   0.471224
      0.01   0.892203   0.449712   0.598003
      0.02   0.891097   0.452421   0.600143
      0.03   0.886117   0.455109    0.60136
      0.04   0.867706   0.458134   0.599658
      0.05   0.842706   0.459042   0.594335
      0.06   0.799245   0.462435   0.585884
      0.07   0.767555   0.463075   0.577648
      0.08   0.705986    0.46167   0.558268
      0.09   0.642354   0.452169   0.530739
       0.1   0.572736   0.444665    0.50064
      0.11   0.517606   0.442626   0.477188
      0.12   0.475855   0.445427   0.460139
      0.13   0.427666   0.457595   0.442124
      0.14    0.38501   0.453668   0.416529
      0.15   0.319064   0.457155   0.375826
      0.16   0.274396     0.4617   0.344218
      0.17   0.221932   0.481159   0.303757
      0.18   0.191046   0.491743   0.275182
      0.19   0.134658    0.52029   0.213944
       0.2   0.115141   0.573805   0.191796
      0.21  0.0859155      0.664   0.152145
      0.22  0.0689638   0.826446   0.127304
      0.23  0.0541751   0.864865   0.101963
      0.24  0.0380785   0.944444  0.0732054
      0.25  0.0191147          1  0.0375123
      0.26 0.00804829          1  0.0159681
      0.27 0.00573441          1  0.0114034
      0.28          0          0          0
      0.29          0          0          0
       0.3          0          0          0
      0.31          0          0          0
      0.32          0          0          0
      0.33          0          0          0
      0.34          0          0          0
      0.35          0          0          0
      0.36          0          0          0
      0.37          0          0          0
      0.38          0          0          0
      0.39          0          0          0
       0.4          0          0          0
      0.41          0          0          0
      0.42          0          0          0
      0.43          0          0          0
      0.44          0          0          0
      0.45          0          0          0
      0.46          0          0          0
      0.47          0          0          0
      0.48          0          0          0
      0.49          0          0          0
       0.5          0          0          0
      0.51          0          0          0
      0.52          0          0          0
      0.53          0          0          0
      0.54          0          0          0
      0.55          0          0          0
      0.56          0          0          0
      0.57          0          0          0
      0.58          0          0          0
      0.59          0          0          0
       0.6          0          0          0
      0.61          0          0          0
      0.62          0          0          0
      0.63          0          0          0
      0.64          0          0          0
      0.65          0          0          0
      0.66          0          0          0
      0.67          0          0          0
      0.68          0          0          0
      0.69          0          0          0
       0.7          0          0          0
      0.71          0          0          0
      0.72          0          0          0
      0.73          0          0          0
      0.74          0          0          0
      0.75          0          0          0
      0.76          0          0          0
      0.77          0          0          0
      0.78          0          0          0
      0.79          0          0          0
       0.8          0          0          0
      0.81          0          0          0
      0.82          0          0          0
      0.83          0          0          0
      0.84          0          0          0
      0.85          0          0          0
      0.86          0          0          0
      0.87          0          0          0
      0.88          0          0          0
      0.89          0          0          0
       0.9          0          0          0
      0.91          0          0          0
      0.92          0          0          0
      0.93          0          0          0
      0.94          0          0          0
      0.95          0          0          0
      0.96          0          0          0
      0.97          0          0          0
      0.98          0          0          0
      0.99          0          0          0
