         0          1   0.164811   0.282983
      0.01    0.98571   0.178198    0.30183
      0.02   0.981042   0.202463   0.335655
      0.03   0.966181   0.243576   0.389068
      0.04   0.887206   0.310182   0.459659
      0.05   0.797847   0.353114   0.489558
      0.06   0.659427   0.409013   0.504874
      0.07   0.568734   0.437949   0.494846
      0.08   0.447652    0.46875   0.457958
      0.09   0.378965   0.492084    0.42818
       0.1   0.231495     0.4425   0.303968
      0.11   0.131085   0.384259   0.195483
      0.12   0.099838   0.439716   0.162728
      0.13  0.0605887      0.425   0.106058
      0.14  0.0544918   0.482143   0.097917
      0.15  0.0321044   0.567568  0.0607713
      0.16  0.0293417   0.730769  0.0564181
      0.17  0.0235305   0.666667  0.0454566
      0.18  0.0143851        0.7  0.0281908
      0.19  0.0122892   0.666667  0.0241336
       0.2  0.0108602          1  0.0214871
      0.21 0.00952653          1  0.0188733
      0.22          0          0          0
      0.23          0          0          0
      0.24          0          0          0
      0.25          0          0          0
      0.26          0          0          0
      0.27          0          0          0
      0.28          0          0          0
      0.29          0          0          0
       0.3          0          0          0
      0.31          0          0          0
      0.32          0          0          0
      0.33          0          0          0
      0.34          0          0          0
      0.35          0          0          0
      0.36          0          0          0
      0.37          0          0          0
      0.38          0          0          0
      0.39          0          0          0
       0.4          0          0          0
      0.41          0          0          0
      0.42          0          0          0
      0.43          0          0          0
      0.44          0          0          0
      0.45          0          0          0
      0.46          0          0          0
      0.47          0          0          0
      0.48          0          0          0
      0.49          0          0          0
       0.5          0          0          0
      0.51          0          0          0
      0.52          0          0          0
      0.53          0          0          0
      0.54          0          0          0
      0.55          0          0          0
      0.56          0          0          0
      0.57          0          0          0
      0.58          0          0          0
      0.59          0          0          0
       0.6          0          0          0
      0.61          0          0          0
      0.62          0          0          0
      0.63          0          0          0
      0.64          0          0          0
      0.65          0          0          0
      0.66          0          0          0
      0.67          0          0          0
      0.68          0          0          0
      0.69          0          0          0
       0.7          0          0          0
      0.71          0          0          0
      0.72          0          0          0
      0.73          0          0          0
      0.74          0          0          0
      0.75          0          0          0
      0.76          0          0          0
      0.77          0          0          0
      0.78          0          0          0
      0.79          0          0          0
       0.8          0          0          0
      0.81          0          0          0
      0.82          0          0          0
      0.83          0          0          0
      0.84          0          0          0
      0.85          0          0          0
      0.86          0          0          0
      0.87          0          0          0
      0.88          0          0          0
      0.89          0          0          0
       0.9          0          0          0
      0.91          0          0          0
      0.92          0          0          0
      0.93          0          0          0
      0.94          0          0          0
      0.95          0          0          0
      0.96          0          0          0
      0.97          0          0          0
      0.98          0          0          0
      0.99          0          0          0
