         0          1   0.317058   0.481463
      0.01    0.96828   0.374356   0.539955
      0.02    0.96598   0.378561   0.543951
      0.03   0.952812   0.387511    0.55095
      0.04   0.913456   0.410308   0.566261
      0.05   0.878408   0.426753   0.574432
      0.06   0.803808   0.450625   0.577498
      0.07   0.744775   0.466838   0.573928
      0.08   0.682706   0.500701   0.577708
      0.09   0.643448   0.527968   0.580016
       0.1   0.588281   0.572233   0.580146
      0.11   0.528905   0.607094   0.565309
      0.12   0.480347     0.6232   0.542527
      0.13   0.433648    0.65053   0.520396
      0.14    0.39488   0.662122   0.494717
      0.15   0.346028   0.693894   0.461778
      0.16   0.290861   0.698603    0.41072
      0.17   0.235254   0.722376   0.354921
      0.18   0.207695    0.74735   0.325054
      0.19   0.158304   0.782828   0.263353
       0.2   0.128934        0.8   0.222077
      0.21  0.0934456   0.788991     0.1671
      0.22  0.0733271    0.75817   0.133721
      0.23  0.0547751   0.737705   0.101978
      0.24  0.0463067   0.730769  0.0870945
      0.25  0.0261393   0.653061  0.0502667
      0.26   0.012727    0.73913  0.0250231
      0.27  0.0119928   0.846154  0.0236503
      0.28  0.0089089          1  0.0176605
      0.29  0.0086152          1  0.0170832
       0.3  0.0026433          1 0.00527267
      0.31          0          0          0
      0.32          0          0          0
      0.33          0          0          0
      0.34          0          0          0
      0.35          0          0          0
      0.36          0          0          0
      0.37          0          0          0
      0.38          0          0          0
      0.39          0          0          0
       0.4          0          0          0
      0.41          0          0          0
      0.42          0          0          0
      0.43          0          0          0
      0.44          0          0          0
      0.45          0          0          0
      0.46          0          0          0
      0.47          0          0          0
      0.48          0          0          0
      0.49          0          0          0
       0.5          0          0          0
      0.51          0          0          0
      0.52          0          0          0
      0.53          0          0          0
      0.54          0          0          0
      0.55          0          0          0
      0.56          0          0          0
      0.57          0          0          0
      0.58          0          0          0
      0.59          0          0          0
       0.6          0          0          0
      0.61          0          0          0
      0.62          0          0          0
      0.63          0          0          0
      0.64          0          0          0
      0.65          0          0          0
      0.66          0          0          0
      0.67          0          0          0
      0.68          0          0          0
      0.69          0          0          0
       0.7          0          0          0
      0.71          0          0          0
      0.72          0          0          0
      0.73          0          0          0
      0.74          0          0          0
      0.75          0          0          0
      0.76          0          0          0
      0.77          0          0          0
      0.78          0          0          0
      0.79          0          0          0
       0.8          0          0          0
      0.81          0          0          0
      0.82          0          0          0
      0.83          0          0          0
      0.84          0          0          0
      0.85          0          0          0
      0.86          0          0          0
      0.87          0          0          0
      0.88          0          0          0
      0.89          0          0          0
       0.9          0          0          0
      0.91          0          0          0
      0.92          0          0          0
      0.93          0          0          0
      0.94          0          0          0
      0.95          0          0          0
      0.96          0          0          0
      0.97          0          0          0
      0.98          0          0          0
      0.99          0          0          0
