         0          1    0.28722   0.446264
      0.01   0.884119   0.377167   0.528763
      0.02   0.882893   0.385807   0.536969
      0.03   0.875083    0.39569   0.544962
      0.04   0.841748   0.412068   0.553283
      0.05   0.806677   0.418776   0.551334
      0.06   0.752463   0.426816   0.544677
      0.07   0.712083   0.424501    0.53191
      0.08   0.628975   0.425397   0.507533
      0.09   0.566645   0.423844    0.48495
       0.1   0.487927   0.430909   0.457649
      0.11    0.41799   0.448866   0.432878
      0.12   0.363367   0.448336   0.401404
      0.13   0.282761   0.470773   0.353312
      0.14   0.225484   0.487583   0.308364
      0.15   0.165297   0.553161   0.254533
      0.16   0.139211   0.596386   0.225731
      0.17  0.0985247   0.655678   0.171308
      0.18  0.0753484   0.671569   0.135495
      0.19   0.057226    0.77193   0.106553
       0.2  0.0432896   0.915493  0.0826701
      0.21  0.0240441          1  0.0469591
      0.22  0.0118434          1  0.0234095
      0.23 0.00296085          1 0.00590421
      0.24          0          0          0
      0.25          0          0          0
      0.26          0          0          0
      0.27          0          0          0
      0.28          0          0          0
      0.29          0          0          0
       0.3          0          0          0
      0.31          0          0          0
      0.32          0          0          0
      0.33          0          0          0
      0.34          0          0          0
      0.35          0          0          0
      0.36          0          0          0
      0.37          0          0          0
      0.38          0          0          0
      0.39          0          0          0
       0.4          0          0          0
      0.41          0          0          0
      0.42          0          0          0
      0.43          0          0          0
      0.44          0          0          0
      0.45          0          0          0
      0.46          0          0          0
      0.47          0          0          0
      0.48          0          0          0
      0.49          0          0          0
       0.5          0          0          0
      0.51          0          0          0
      0.52          0          0          0
      0.53          0          0          0
      0.54          0          0          0
      0.55          0          0          0
      0.56          0          0          0
      0.57          0          0          0
      0.58          0          0          0
      0.59          0          0          0
       0.6          0          0          0
      0.61          0          0          0
      0.62          0          0          0
      0.63          0          0          0
      0.64          0          0          0
      0.65          0          0          0
      0.66          0          0          0
      0.67          0          0          0
      0.68          0          0          0
      0.69          0          0          0
       0.7          0          0          0
      0.71          0          0          0
      0.72          0          0          0
      0.73          0          0          0
      0.74          0          0          0
      0.75          0          0          0
      0.76          0          0          0
      0.77          0          0          0
      0.78          0          0          0
      0.79          0          0          0
       0.8          0          0          0
      0.81          0          0          0
      0.82          0          0          0
      0.83          0          0          0
      0.84          0          0          0
      0.85          0          0          0
      0.86          0          0          0
      0.87          0          0          0
      0.88          0          0          0
      0.89          0          0          0
       0.9          0          0          0
      0.91          0          0          0
      0.92          0          0          0
      0.93          0          0          0
      0.94          0          0          0
      0.95          0          0          0
      0.96          0          0          0
      0.97          0          0          0
      0.98          0          0          0
      0.99          0          0          0
