         0          1   0.279386    0.43675
      0.01    0.93747   0.350176   0.509891
      0.02   0.926751   0.364576   0.523293
      0.03   0.908922   0.385775   0.541655
      0.04   0.859588   0.424692   0.568506
      0.05   0.816388   0.450258   0.580407
      0.06   0.739405   0.487065   0.587276
      0.07   0.686071    0.50948   0.584734
      0.08   0.607087   0.541127   0.572213
      0.09   0.556049   0.559924    0.55798
       0.1   0.479643   0.584941   0.527084
      0.11   0.413529   0.610802   0.493169
      0.12   0.373318    0.62687   0.467956
      0.13   0.320273   0.653971   0.429973
      0.14   0.288984   0.671877   0.404141
      0.15   0.246321   0.699563   0.364351
      0.16   0.221296   0.717964   0.338314
      0.17   0.187035   0.742125   0.298771
      0.18   0.167926   0.760787   0.275125
      0.19   0.141711   0.782695   0.239974
       0.2   0.124295   0.795744   0.215007
      0.21   0.101606   0.812404   0.180622
      0.22   0.082906   0.835137   0.150838
      0.23  0.0714745   0.851788   0.131883
      0.24  0.0539438   0.879789   0.101655
      0.25   0.043453     0.8936   0.082876
      0.26  0.0281435   0.904116  0.0545878
      0.27  0.0208717   0.903833  0.0408012
      0.28  0.0107938   0.891678  0.0213295
      0.29 0.00730946   0.891648  0.0145001
       0.3 0.00422376   0.895288 0.00840786
      0.31 0.00139843   0.788462 0.00279191
      0.32 0.000554287   0.695652 0.00110769
      0.33 1.11874e-05       0.75 2.23745e-05
      0.34          0          0          0
      0.35          0          0          0
      0.36          0          0          0
      0.37          0          0          0
      0.38          0          0          0
      0.39          0          0          0
       0.4          0          0          0
      0.41          0          0          0
      0.42          0          0          0
      0.43          0          0          0
      0.44          0          0          0
      0.45          0          0          0
      0.46          0          0          0
      0.47          0          0          0
      0.48          0          0          0
      0.49          0          0          0
       0.5          0          0          0
      0.51          0          0          0
      0.52          0          0          0
      0.53          0          0          0
      0.54          0          0          0
      0.55          0          0          0
      0.56          0          0          0
      0.57          0          0          0
      0.58          0          0          0
      0.59          0          0          0
       0.6          0          0          0
      0.61          0          0          0
      0.62          0          0          0
      0.63          0          0          0
      0.64          0          0          0
      0.65          0          0          0
      0.66          0          0          0
      0.67          0          0          0
      0.68          0          0          0
      0.69          0          0          0
       0.7          0          0          0
      0.71          0          0          0
      0.72          0          0          0
      0.73          0          0          0
      0.74          0          0          0
      0.75          0          0          0
      0.76          0          0          0
      0.77          0          0          0
      0.78          0          0          0
      0.79          0          0          0
       0.8          0          0          0
      0.81          0          0          0
      0.82          0          0          0
      0.83          0          0          0
      0.84          0          0          0
      0.85          0          0          0
      0.86          0          0          0
      0.87          0          0          0
      0.88          0          0          0
      0.89          0          0          0
       0.9          0          0          0
      0.91          0          0          0
      0.92          0          0          0
      0.93          0          0          0
      0.94          0          0          0
      0.95          0          0          0
      0.96          0          0          0
      0.97          0          0          0
      0.98          0          0          0
      0.99          0          0          0
