    119082       0.08   0.821508   0.733472   0.774998
     58060          0          1   0.374026   0.544424
     42049       0.09   0.959918   0.983364     0.9715
     24077       0.05   0.848599   0.557122   0.672641
     78004       0.09   0.755431   0.704863   0.729271
     45096       0.03    0.81048   0.766735   0.788001
     38092       0.08    0.80973   0.819496   0.814584
     43074       0.06   0.532789   0.654801   0.587527
     16077  0.0746465   0.698562   0.527807   0.601297
     86000       0.03   0.886117   0.455109    0.60136
    101085  0.0994949   0.744144   0.784712    0.76389
     89072       0.04   0.841748   0.412068   0.553283
    126007       0.05   0.871992     0.6022   0.712409
     76053       0.04   0.730752   0.602418   0.660408
     86016          0          1   0.363236   0.532903
    103070  0.0433333   0.679803   0.528669   0.594785
      8023       0.06   0.791175   0.320717   0.456417
     41033   0.059798   0.679655   0.578757   0.625161
    109053  0.0538384   0.667775   0.472763   0.553597
    130026       0.12   0.434942   0.448922   0.441821
    108082       0.04   0.738116   0.179539   0.288824
     69040          0          1   0.319512   0.484288
     14037  0.0547475    0.63934   0.759571   0.694289
     54082  0.0230303   0.846804   0.645791   0.732762
     62096       0.19    0.68801   0.912368   0.784463
     12084       0.07   0.833251   0.367994   0.510522
     69015       0.05   0.795193   0.870507   0.831148
     97033       0.07   0.948637    0.46338   0.622626
     19021       0.06   0.772785   0.713941   0.742198
     86068       0.06   0.659427   0.409013   0.504874
      3096       0.05   0.716337   0.912232   0.802503
     41069  0.0908081    0.55687   0.463496   0.505911
     21077       0.05   0.943819   0.587829   0.724454
    108070          0          1   0.230724    0.37494
    123074  0.0790909   0.410462   0.452246   0.430342
     38082  0.0406061   0.818799   0.514758   0.632119
     33039          0          1   0.331079    0.49746
    108005       0.05   0.809122   0.394404    0.53031
    106024  0.0720202   0.523307   0.772453   0.623928
    102061       0.07    0.79168   0.412284   0.542204
     37073       0.03   0.945535   0.883547   0.913491
     65033  0.0642424   0.797862   0.613549   0.693671
     55073  0.0639394   0.768239    0.53099   0.627953
     66053  0.0585859   0.695904   0.537754   0.606692
     85048       0.09   0.789294   0.611155   0.688895
     42012       0.03   0.806735   0.518066    0.63095
     87046  0.0951515   0.615029   0.550771   0.581129
    105025       0.08   0.684272   0.525447   0.594433
    101087       0.06   0.834116   0.860441   0.847074
     69020  0.0558586   0.801891   0.589108   0.679224
